# Name                    Dist. SpT  Teff M*   M Mdust RCO68%    Rdust68%  Rdust90%  Rdust95%  Ratio
                          (pc)       (K)               (")       (")       (")       (")
1 EXLup                   157.7 M0   3850 0.53 N  19.1 0.70 99.0 0.19 0.01 0.23 0.01 0.25 0.01 3.7 99.0 154.72
2 Lup706                  158.5 M7.5 2795 0.06 G   0.4 0.39 99.0 0.36 99.0 0.51 99.0 0.58 99.0 0.0 99.0 170.70
3 MYLup                   156.6 K0   5100 1.09 G  76.5 0.81 0.10 0.38 0.01 0.51 0.01 0.58 0.02 2.1 0.3  158
4 RXJ1556.1-3655          158.0 M1   3705 0.49 G  24.8 0.53 0.05 0.19 0.01 0.25 0.01 0.28 0.01 2.8 0.3  157.96
5 RYLup                   159.1 K2   4900 1.53 N 123.0 1.15 0.10 0.61 0.01 0.80 0.01 0.93 0.03 1.9 0.2  158
6 Sz65                    155.3 K7   4060 0.70 G  27.4 0.76 0.09 0.16 0.01 0.24 0.01 0.28 0.02 4.8 0.6  153.47
7 Sz66                    157.3 M3   3415 0.29 G   6.5 0.61 99.0 0.11 0.02 0.16 0.05 0.19 0.08 5.7 99.0 155.92
8 Sz69                    154.6 M4.5 3197 0.20 G   7.1 0.56 0.08 0.09 99.0 0.20 99.0 0.31 99.0 5.9 99.0 152.56
9 Sz71                    155.9 M1.5 3632 0.41 G  71.2 0.84 0.12 0.45 0.01 0.70 0.01 0.83 0.02 1.9 0.3  155.2
10 Sz72                   155.9 M2   3560 0.37 G   6.0 0.15 0.05 0.08 0.02 0.12 0.05 0.14 0.07 1.8 0.7  156.71
11 Sz73                   156.8 K7   4060 0.78 G  13.2 0.48 0.06 0.27 0.04 0.47 0.08 0.55 0.12 1.8 0.3  157.82
12 Sz75                   151.8 K6   4205 0.80 N  31.9 0.97 0.11 0.12 0.01 0.17 0.01 0.19 0.01 8.0 0.9  158
13 Sz76                   159.5 M4   3270 0.23 G   4.9 0.62 0.06 0.26 0.02 0.41 0.05 0.47 0.08 2.4 0.3  156.4
14 Sz77                   154.8 K7   4060 0.75 G   2.1 0.17 0.08 0.36 99.0 0.75 99.0 0.88 99.0 0.5 99.0 155.25
15 Sz82                   158.4 K5   4350 0.95 N 264.0 3.75 0.67 1.15 0.01 1.64 0.01 1.82 0.01 3.3 0.6  155.82
16 Sz83                   159.6 K7   4060 0.67 N 191.7 1.44 0.13 0.29 0.01 0.39 0.01 0.46 0.01 5.0 0.4  158
17 Sz84                   152.6 M5   3125 0.17 G  13.4 0.89 0.12 0.24 0.01 0.34 0.03 0.40 0.04 3.7 0.5  158
18 Sz90                   160.4 K7   4060 0.78 G   9.9 0.33 0.10 0.12 0.01 0.16 0.03 0.19 0.04 2.7 0.8  160.37
19 Sz91                   159.1 M1   3705 0.51 N  27.7 1.36 0.10 0.61 0.01 0.00 0.01 0.00 0.01 2.2 0.2  159.39
20 Sz96                   156.6 M1   3705 0.45 G   1.8 0.15 0.07 0.14 99.0 0.28 99.0 0.37 99.0 1.0 99.0 155.97
21 Sz100                  136.9 M5.5 3057 0.14 G  18.1 0.66 0.12 0.26 0.01 0.32 0.01 0.35 0.02 2.5 0.5  158
22 Sz102                  158.5 K2   4900 0.   G   6.1 0.33 0.02 0.13 0.01 0.22 0.02 0.27 0.03 2.6 0.2  158
23 Sz111                  158.3 M1   3705 0.51 N  79.3 2.08 0.39 0.44 0.01 0.58 0.01 0.69 0.02 4.7 0.9  158.37
24 Sz114                  162.2 M4.8 3175 0.19 G  44.8 0.74 0.15 0.25 0.01 0.35 0.01 0.39 0.01 2.9 0.6  156.76
25 Sz118                  163.9 K5   4350 1.04 G  30.0 0.63 0.14 0.37 0.01 0.44 0.02 0.48 0.04 1.7 0.4  161.46
26 Sz129                  161.7 K7   4060 0.78 G  83.5 0.76 0.16 0.30 0.01 0.41 0.01 0.46 0.01 2.5 0.5  160.13
27 Sz130                  160.3 M2   3560 0.39 G   2.8 0.53 0.12 0.32 99.0 0.69 99.0 0.83 99.0 1.6 99.0 159.18
28 Sz131                  160.3 M3   3415 0.30 G   3.9 0.56 0.15 0.08 0.02 0.13 0.05 0.16 0.08 7.2 2.8  160.62
29 Sz133                  153.1 K5   4350 0.   G  28.5 0.95 0.11 0.46 0.01 0.68 0.04 0.80 0.07 2.1 0.2  158
30 SSTc2dJ154518.5-342125 151.8 M6.5 2935 0.08 G   2.3 0.17 0.06 0.05 0.01 0.08 0.01 0.09 0.01 3.2 1.2  153.02
31 SSTc2dJ160002.4-422216 164.2 M4   3270 0.23 G  57.0 1.12 0.13 0.51 0.01 0.71 0.02 0.83 0.05 2.2 0.3  160.39
32 SSTc2dJ160703.9-391112 158.5 M4.5 3200 0.16 N   2.0 1.04 0.09 0.43 0.08 0.56 0.27 0.65 0.44 2.4 0.5  158
33 SSTc2dJ160830.7-382827 156.1 K2   4900 1.53 N  58.2 1.39 0.13 0.56 0.01 0.67 0.01 0.75 0.03 2.5 0.2  158
34 SSTc2dJ160901.4-392512 164.3 M4   3270 0.23 G   8.3 0.83 0.08 0.47 0.02 0.57 0.04 0.62 0.07 1.8 0.2  159.2
35 SSTc2dJ160927.0-383628 159.3 M4.5 3200 0.20 G   1.7 0.50 0.09 0.36 99.0 0.67 99.0 0.80 99.0 1.4 99.0 159.19
36 SSTc2dJ161029.6-392215 163.2 M4.5 3200 0.20 G   3.4 0.58 0.11 0.23 0.04 0.31 0.12 0.36 0.19 2.5 0.6  160.44
37 SSTc2dJ161243.8-381503 159.8 M1   3705 0.45 G  13.5 0.30 0.11 0.10 0.01 0.16 0.03 0.19 0.05 3.0 1.1  159.85
38 V1094Sco               153.6 K6   4205 0.83 G 230.3 1.93 0.15 1.31 0.01 1.83 0.01 1.96 0.01 1.5 0.1  158
39 V1192Sco               150.8 M4.5 3197 0.   N   0.4 0.98 99.0 0.83 99.0 0.95 99.0 0.97 99.0 0.0 99.0 147.1
40 2MASSJ16070854-3914075 175.8 M1.8 4000 0.   G  50.2 1.36 0.19 0.62 0.01 0.90 0.04 1.06 0.07 2.2 0.3  171.28
41 2MASSJ16081497-3857145 158.5 M5.5 3060 0.10 G   3.7 0.42 0.14 0.13 0.02 0.18 0.05 0.21 0.06 3.2 1.2  150.83
42 2MASSJ16085953-3856275 150.2 M8.5 2600 0.02 G   0.2 0.17 99.0 0.12 99.0 0.17 99.0 0.19 99.0 0.0 99.0 155.85
