#Table: J/A+A/594/A85/tablea4.dat (http://cdsarc.cds.unistra.fr)
-----------------------------------------------------------------------------------------------------------------------------------------------------------------------------------------------------------------------------------------------------------------------------------------------------------------------------------------------------------------
     |   |   |   |       |       |       |        |        |        |        |        |        |        |        |        |        |        |        |        |        |        |        |       |        |       |        |       |        |       |        |       |        |       |        |       |        |       |        |     I[|     I[|     I[|     I[
     | ga|   |   |       |      I|      I|    I12C|    I12C|    I12C|    I12C|    I12C|    I12C|    I12C|    I12C|    I13C|    I13C|    I13C|    I13C|    I13C|    I13C|    I13C|    I13C|  IC18O|    IC18|  IC18O|    IC18|  IC18O|    IC18|  IC18O|    IC18|  IC17O|    IC17|  IC17O|    IC17|  IC17O|    IC17|  IC17O|    IC17|CI](3P1|CI](3P1|CI](3P2|CI](3P2
   Rc|mma| hc|psi|  Mdisk|870um10|870um80|O(1-0)10|O(1-0)80|O(2-1)10|O(2-1)80|O(3-2)10|O(3-2)80|O(6-5)10|O(6-5)80|O(1-0)10|O(1-0)80|O(2-1)10|O(2-1)80|O(3-2)10|O(3-2)80|O(6-5)10|O(6-5)80|(1-0)10|O(1-0)80|(2-1)10|O(2-1)80|(3-2)10|O(3-2)80|(6-5)10|O(6-5)80|(1-0)10|O(1-0)80|(2-1)10|O(2-1)80|(3-2)10|O(3-2)80|(6-5)10|O(6-5)80|-3P0)10|-3P0)80|-3P1)10|-3P1)80
-----|---|---|---|-------|-------|-------|--------|--------|--------|--------|--------|--------|--------|--------|--------|--------|--------|--------|--------|--------|--------|--------|-------|--------|-------|--------|-------|--------|-------|--------|-------|--------|-------|--------|-------|--------|-------|--------|-------|-------|-------|-------
 30.0|0.8|0.1|0.1|0.00001|0.00015|0.00617| 0.31605| 0.18857| 0.39925| 0.21707| 0.40390| 0.21001| 0.26793| 0.12320| 0.01714| 0.00794| 0.04572| 0.02102| 0.06131| 0.02696| 0.04047| 0.00761|0.00028| 0.00011|0.00087| 0.00030|0.00140| 0.00038|0.00144| 0.00008|0.00010| 0.00004|0.00030| 0.00010|0.00049| 0.00013|0.00051| 0.00003|0.03129|0.02750|0.02436|0.01944
 30.0|0.8|0.1|0.1|0.00010|0.00101|0.00834| 0.72703| 0.47237| 0.80114| 0.47936| 0.77427| 0.44410| 0.51495| 0.26779| 0.13739| 0.08992| 0.23402| 0.16563| 0.25332| 0.17846| 0.14520| 0.08282|0.00949| 0.00023|0.02314| 0.00091|0.02948| 0.00082|0.02025|-0.00235|0.00347| 0.00004|0.00966| 0.00008|0.01353|-0.00015|0.00930|-0.00112|0.06244|0.05709|0.04335|0.03686
 30.0|0.8|0.1|0.1|0.00050|0.00433|0.00994| 1.12709| 0.74457| 1.19639| 0.73598| 1.13850| 0.67296| 0.75817| 0.41344| 0.30581| 0.23458| 0.44778| 0.33926| 0.46102| 0.34087| 0.26087| 0.17696|0.05517| 0.02531|0.09796| 0.04738|0.10750| 0.05015|0.06055| 0.01921|0.02378| 0.00968|0.05160| 0.02201|0.06044| 0.02512|0.03083| 0.00700|0.09084|0.08354|0.06025|0.05249
 30.0|0.8|0.1|0.1|0.00100|0.00768|0.01071| 1.29509| 0.86471| 1.35233| 0.84539| 1.28276| 0.77030| 0.86678| 0.47958| 0.39514| 0.30692| 0.55337| 0.41952| 0.56115| 0.41507| 0.31386| 0.21809|0.08493| 0.04488|0.13947| 0.07601|0.14980| 0.07789|0.08203| 0.03324|0.04044| 0.01831|0.07843| 0.03898|0.08858| 0.04326|0.04300| 0.01365|0.10167|0.09367|0.06649|0.05856
 30.0|0.8|0.1|0.1|0.00500|0.02462|0.01406| 1.74876| 1.17426| 1.79299| 1.12611| 1.68575| 1.01496| 1.13718| 0.62203| 0.65466| 0.50215| 0.82985| 0.61544| 0.81190| 0.58742| 0.44185| 0.30742|0.19796| 0.12227|0.27966| 0.16184|0.28316| 0.15496|0.13914| 0.07086|0.10749| 0.06083|0.17165| 0.10023|0.17873| 0.10141|0.07565| 0.03520|0.13970|0.13179|0.08413|0.07958
 30.0|0.8|0.1|0.1|0.01000|0.03552|0.01612| 1.90038| 1.28597| 1.92765| 1.22066| 1.80811| 1.09578| 1.23619| 0.66849| 0.75544| 0.57729| 0.93533| 0.68773| 0.90752| 0.64987| 0.48363| 0.33447|0.24494| 0.15724|0.33451| 0.19987|0.33300| 0.18877|0.15652| 0.08397|0.13694| 0.08243|0.20831| 0.12786|0.21241| 0.12661|0.08496| 0.04320|0.16816|0.16005|0.09298|0.09107
 30.0|0.8|0.1|0.1|0.10000|0.08785|0.02445| 2.37994| 1.63855| 2.38661| 1.54335| 2.23898| 1.37838| 1.57048| 0.81981| 1.01183| 0.76591| 1.22916| 0.89015| 1.18533| 0.82980| 0.62436| 0.41568|0.33031| 0.23074|0.45322| 0.28462|0.45022| 0.26734|0.20441| 0.12170|0.18225| 0.13078|0.27462| 0.19008|0.27970| 0.18564|0.11199| 0.06916|0.25962|0.25052|0.13016|0.13354
 30.0|1.0|0.1|0.1|0.00001|0.00016|0.00575| 0.31274| 0.19005| 0.39458| 0.21956| 0.39289| 0.20988| 0.23893| 0.11247| 0.01733| 0.00774| 0.04473| 0.01996| 0.05811| 0.02460| 0.03525| 0.00468|0.00034| 0.00012|0.00104| 0.00031|0.00163| 0.00038|0.00162| 0.00004|0.00012| 0.00004|0.00036| 0.00011|0.00058| 0.00013|0.00060| 0.00002|0.03260|0.02937|0.02244|0.01850
 30.0|1.0|0.1|0.1|0.00010|0.00104|0.00785| 0.76596| 0.50673| 0.85087| 0.52443| 0.81421| 0.48346| 0.48647| 0.26506| 0.13357| 0.08696| 0.22802| 0.16257| 0.24415| 0.17344| 0.12815| 0.06949|0.00884|-0.00031|0.02079|-0.00036|0.02590|-0.00079|0.01706|-0.00297|0.00327|-0.00014|0.00890|-0.00040|0.01218|-0.00080|0.00808|-0.00126|0.07757|0.07215|0.04714|0.04123
 30.0|1.0|0.1|0.1|0.00050|0.00421|0.00936| 1.33041| 0.88433| 1.40578| 0.87921| 1.31539| 0.79807| 0.79049| 0.45601| 0.32017| 0.24983| 0.48201| 0.37290| 0.49281| 0.37251| 0.25083| 0.17273|0.04869| 0.02023|0.08543| 0.03887|0.09325| 0.04125|0.04981| 0.01334|0.02130| 0.00754|0.04513| 0.01738|0.05218| 0.01964|0.02525| 0.00424|0.12569|0.11813|0.07167|0.06489
 30.0|1.0|0.1|0.1|0.00100|0.00717|0.01006| 1.55945| 1.05157| 1.62502| 1.03251| 1.51155| 0.93055| 0.91253| 0.52980| 0.43145| 0.34117| 0.61817| 0.47758| 0.61924| 0.46751| 0.31322| 0.22194|0.07869| 0.04009|0.13241| 0.07143|0.14228| 0.07371|0.07270| 0.02811|0.03663| 0.01548|0.07197| 0.03466|0.08125| 0.03870|0.03710| 0.01063|0.14750|0.13898|0.08138|0.07424
 30.0|1.0|0.1|0.1|0.00500|0.02229|0.01368| 2.13011| 1.47970| 2.16933| 1.42773| 2.01574| 1.27947| 1.27240| 0.73105| 0.77806| 0.61051| 1.00734| 0.76061| 0.97555| 0.71797| 0.47417| 0.33626|0.20499| 0.12934|0.29935| 0.17632|0.30219| 0.16798|0.13589| 0.06867|0.10665| 0.06148|0.17670| 0.10498|0.18420| 0.10585|0.07155| 0.03209|0.25419|0.23939|0.13184|0.12514
 30.0|1.0|0.1|0.1|0.01000|0.03304|0.01593| 2.35935| 1.65098| 2.39436| 1.57953| 2.21751| 1.40904| 1.38711| 0.78781| 0.92061| 0.72087| 1.15227| 0.86475| 1.10185| 0.80445| 0.52364| 0.36773|0.27337| 0.17941|0.38625| 0.23244|0.38285| 0.21784|0.16383| 0.08785|0.14498| 0.08944|0.23147| 0.14414|0.23625| 0.14209|0.08530| 0.04280|0.31540|0.29694|0.15339|0.14752
 30.0|1.0|0.1|0.1|0.10000|0.09014|0.02609| 3.12282| 2.20517| 3.10693| 2.08215| 2.86413| 1.84162| 1.85959| 1.00892| 1.31381| 0.99719| 1.60454| 1.16549| 1.52595| 1.07139| 0.72130| 0.48273|0.36734| 0.25277|0.50862| 0.31656|0.50195| 0.29634|0.21117| 0.12392|0.19644| 0.13851|0.30142| 0.20521|0.30550| 0.19935|0.11200| 0.06782|0.43617|0.42452|0.20184|0.20437
 30.0|1.5|0.1|0.1|0.00001|0.00020|0.00481| 0.24399| 0.14853| 0.30958| 0.18017| 0.30210| 0.17053| 0.15524| 0.07054| 0.01394| 0.00513| 0.03366| 0.01220| 0.04156| 0.01335| 0.02248|-0.00064|0.00039| 0.00010|0.00112| 0.00025|0.00164| 0.00027|0.00151|-0.00003|0.00014| 0.00004|0.00041| 0.00009|0.00064| 0.00010|0.00066|-0.00000|0.03548|0.03269|0.02049|0.01732
 30.0|1.5|0.1|0.1|0.00010|0.00105|0.00680| 0.91249| 0.63538| 1.01833| 0.67807| 0.92951| 0.60649| 0.41304| 0.24462| 0.11569| 0.07523| 0.20970| 0.15261| 0.21958| 0.15899| 0.09096| 0.04173|0.00634|-0.00050|0.01377|-0.00132|0.01644|-0.00209|0.01002|-0.00225|0.00246|-0.00017|0.00620|-0.00058|0.00803|-0.00103|0.00496|-0.00080|0.14680|0.14445|0.06490|0.06244
 30.0|1.5|0.1|0.1|0.00050|0.00343|0.00795| 1.88680| 1.35375| 2.03491| 1.41967| 1.82601| 1.25591| 0.81141| 0.51915| 0.34521| 0.28076| 0.56748| 0.46167| 0.56377| 0.44879| 0.20729| 0.14331|0.02942| 0.00636|0.05314| 0.01686|0.05839| 0.01884|0.02917| 0.00259|0.01299| 0.00180|0.02703| 0.00532|0.03113| 0.00619|0.01468|-0.00003|0.39848|0.39752|0.16451|0.16592
 30.0|1.5|0.1|0.1|0.00100|0.00576|0.00876| 2.38211| 1.74495| 2.54195| 1.82146| 2.28152| 1.61279| 1.06518| 0.68926| 0.54197| 0.45298| 0.83874| 0.68251| 0.81820| 0.65151| 0.29889| 0.22052|0.05266| 0.02145|0.09186| 0.04423|0.09875| 0.04648|0.04564| 0.01292|0.02409| 0.00731|0.04754| 0.01832|0.05345| 0.02076|0.02263| 0.00381|0.63192|0.62950|0.26967|0.27447
 30.0|1.5|0.1|0.1|0.00500|0.01672|0.01228| 3.92965| 3.00731| 4.04336| 3.03039| 3.56747| 2.64918| 1.75112| 1.14500| 1.23148| 1.02221| 1.65965| 1.32923| 1.55541| 1.21883| 0.54587| 0.41215|0.19410| 0.12848|0.31120| 0.19394|0.31552| 0.18577|0.11799| 0.06038|0.09132| 0.05470|0.16620| 0.10359|0.17517| 0.10537|0.05700| 0.02469|1.06359|1.07398|0.44928|0.46718
 30.0|1.5|0.1|0.1|0.01000|0.02545|0.01518| 4.77174| 3.63300| 4.81989| 3.59205| 4.23839| 3.12449| 2.10056| 1.35909| 1.61606| 1.34303| 2.10924| 1.68332| 1.95777| 1.52309| 0.67398| 0.50307|0.29387| 0.20239|0.45228| 0.28620|0.44785| 0.26789|0.15382| 0.08391|0.14070| 0.09102|0.24624| 0.16023|0.25227| 0.15768|0.07363| 0.03560|1.22756|1.25631|0.51508|0.54337
 30.0|1.5|0.1|0.1|0.10000|0.08934|0.03267| 7.04923| 5.50088| 6.84182| 5.25981| 5.96029| 4.49030| 2.99790| 1.81922| 2.38902| 1.93129| 3.02009| 2.32144| 2.77817| 2.05262| 0.99610| 0.67187|0.50133| 0.34150|0.74910| 0.45461|0.72936| 0.41846|0.23326| 0.13362|0.24061| 0.16555|0.40105| 0.26417|0.40134| 0.25356|0.11118| 0.06442|1.32474|1.39186|0.50558|0.55421
 30.0|0.8|0.2|0.1|0.00001|0.00019|0.01057| 0.28517| 0.19361| 0.36475| 0.23571| 0.37462| 0.22903| 0.26683| 0.12891| 0.01411| 0.00621| 0.03986| 0.01694| 0.05655| 0.02219| 0.04310| 0.00501|0.00026| 0.00008|0.00083| 0.00022|0.00140| 0.00029|0.00169| 0.00003|0.00009| 0.00003|0.00029| 0.00008|0.00048| 0.00010|0.00059| 0.00001|0.04259|0.03588|0.03469|0.02598
 30.0|0.8|0.2|0.1|0.00010|0.00131|0.01611| 0.76479| 0.68098| 0.84317| 0.69174| 0.81545| 0.64026| 0.55507| 0.39467| 0.13598| 0.08978| 0.24789| 0.19183| 0.27665| 0.22160| 0.17431| 0.10632|0.00934| 0.00005|0.02482| 0.00011|0.03404|-0.00042|0.02809|-0.00454|0.00331| 0.00002|0.00984|-0.00010|0.01484|-0.00054|0.01284|-0.00189|0.09026|0.08433|0.06374|0.05489
 30.0|0.8|0.2|0.1|0.00050|0.00578|0.01973| 1.18050| 1.13991| 1.24189| 1.12137| 1.18223| 1.02711| 0.80510| 0.64990| 0.34917| 0.31129| 0.50728| 0.49669| 0.52406| 0.52023| 0.31943| 0.28918|0.05754| 0.02581|0.10974| 0.05669|0.12522| 0.06672|0.08284| 0.02831|0.02396| 0.00977|0.05655| 0.02401|0.07046| 0.02955|0.04374| 0.00921|0.13626|0.13090|0.09037|0.08176
 30.0|0.8|0.2|0.1|0.00100|0.01041|0.02123| 1.35866| 1.35654| 1.41776| 1.32648| 1.34209| 1.21042| 0.90989| 0.76706| 0.45588| 0.44219| 0.62694| 0.64942| 0.63598| 0.66325| 0.38481| 0.37766|0.10013| 0.05790|0.16721| 0.11295|0.18177| 0.12622|0.11259| 0.05901|0.04587| 0.02313|0.09448| 0.05278|0.10935| 0.06247|0.06126| 0.02193|0.15133|0.14742|0.09642|0.08993
 30.0|0.8|0.2|0.1|0.00500|0.03494|0.02664| 1.78327| 1.90765| 1.79248| 1.81194| 1.67232| 1.63211| 1.14405| 1.04738| 0.72978| 0.79737| 0.92070| 1.03103| 0.90730| 1.01468| 0.54265| 0.59341|0.22942| 0.18736|0.32554| 0.29132|0.33614| 0.30151|0.19415| 0.16006|0.12746| 0.08687|0.20550| 0.16383|0.21938| 0.18103|0.11228| 0.07641|0.18365|0.18873|0.10738|0.11276
 30.0|0.8|0.2|0.1|0.01000|0.05222|0.02980| 2.00164| 2.17257| 1.99274| 2.04873| 1.84811| 1.84101| 1.25270| 1.17765| 0.86623| 0.96668| 1.05749| 1.19803| 1.02975| 1.16494| 0.60794| 0.68010|0.30878| 0.27585|0.41434| 0.38925|0.41802| 0.39040|0.23366| 0.21066|0.17890| 0.13821|0.26947| 0.23660|0.27945| 0.25157|0.13766| 0.10944|0.20456|0.21673|0.11470|0.12828
 30.0|0.8|0.2|0.1|0.10000|0.13728|0.04443| 2.56329| 2.95832| 2.48156| 2.74970| 2.27179| 2.44840| 1.53536| 1.53644| 1.28965| 1.52936| 1.47751| 1.74717| 1.40477| 1.65339| 0.80423| 0.95954|0.53475| 0.59281|0.66231| 0.71971|0.64738| 0.68883|0.33821| 0.37586|0.33443| 0.36102|0.44999| 0.50286|0.44726| 0.49970|0.20480| 0.22794|0.27594|0.31441|0.13446|0.17080
 30.0|1.0|0.2|0.1|0.00001|0.00020|0.01001| 0.27628| 0.18638| 0.35580| 0.23120| 0.36284| 0.22496| 0.23982| 0.11566| 0.01393| 0.00570| 0.03847| 0.01513| 0.05325| 0.01899| 0.03830| 0.00212|0.00029| 0.00008|0.00095| 0.00023|0.00158| 0.00029|0.00192| 0.00001|0.00010| 0.00003|0.00033| 0.00008|0.00055| 0.00010|0.00069| 0.00001|0.04339|0.03769|0.03310|0.02587
 30.0|1.0|0.2|0.1|0.00010|0.00138|0.01530| 0.82220| 0.74494| 0.90055| 0.75726| 0.85798| 0.69431| 0.53178| 0.39444| 0.13739| 0.09154| 0.25257| 0.19684| 0.27762| 0.22326| 0.15859| 0.09096|0.00878| 0.00006|0.02269| 0.00001|0.03043|-0.00072|0.02369|-0.00437|0.00314| 0.00002|0.00915|-0.00012|0.01350|-0.00060|0.01110|-0.00172|0.10680|0.10192|0.06674|0.05924
 30.0|1.0|0.2|0.1|0.00050|0.00571|0.01883| 1.34031| 1.31378| 1.40898| 1.29923| 1.31697| 1.17759| 0.81452| 0.68677| 0.36999| 0.33311| 0.54497| 0.54065| 0.55637| 0.55989| 0.31065| 0.28170|0.05335| 0.02265|0.10260| 0.04994|0.11639| 0.05790|0.07133| 0.01978|0.02209| 0.00844|0.05166| 0.02057|0.06364| 0.02467|0.03693| 0.00566|0.18383|0.18149|0.10297|0.09661
 30.0|1.0|0.2|0.1|0.00100|0.00987|0.02020| 1.57624| 1.59590| 1.63296| 1.56063| 1.52229| 1.41019| 0.94944| 0.83212| 0.48670| 0.47597| 0.68720| 0.71802| 0.69245| 0.72782| 0.38399| 0.37684|0.09336| 0.05207|0.15831| 0.10366|0.17159| 0.11515|0.10055| 0.04783|0.04226| 0.02036|0.08741| 0.04690|0.10081| 0.05499|0.05381| 0.01671|0.21331|0.21221|0.11851|0.11306
 30.0|1.0|0.2|0.1|0.00500|0.03170|0.02551| 2.29531| 2.44738| 2.30628| 2.32505| 2.11373| 2.07449| 1.31155| 1.24427| 0.87868| 0.95898| 1.13379| 1.26794| 1.10418| 1.23341| 0.59930| 0.65395|0.23549| 0.18999|0.34640| 0.30350|0.35848| 0.31291|0.19391| 0.15285|0.12593| 0.08495|0.21054| 0.16493|0.22594| 0.18198|0.10831| 0.06950|0.28934|0.29694|0.14730|0.15229
 30.0|1.0|0.2|0.1|0.01000|0.04819|0.02914| 2.59721| 2.83180| 2.57352| 2.66686| 2.34204| 2.36601| 1.45755| 1.40636| 1.08101| 1.21023| 1.34352| 1.52181| 1.29123| 1.45689| 0.69337| 0.77178|0.33016| 0.29295|0.46003| 0.42401|0.46539| 0.42297|0.24306| 0.20966|0.18382| 0.14105|0.28889| 0.24918|0.30141| 0.26424|0.13819| 0.10405|0.32668|0.34200|0.15537|0.16810
 30.0|1.0|0.2|0.1|0.10000|0.14121|0.04649| 3.58092| 4.14999| 3.46245| 3.87614| 3.12358| 3.42087| 1.96593| 1.99158| 1.79713| 2.09465| 2.06352| 2.39371| 1.93959| 2.23151| 1.01236| 1.18052|0.67313| 0.72316|0.85641| 0.89183|0.83407| 0.84543|0.39378| 0.41911|0.40197| 0.41874|0.56195| 0.60366|0.55802| 0.59618|0.22749| 0.24165|0.59229|0.65032|0.26202|0.30206
 30.0|1.5|0.2|0.1|0.00001|0.00027|0.00828| 0.23368| 0.15580| 0.30161| 0.20327| 0.29635| 0.19158| 0.15848| 0.06706| 0.01187| 0.00397| 0.03064| 0.00963| 0.03996| 0.01032| 0.02540|-0.00240|0.00038| 0.00009|0.00115| 0.00021|0.00181| 0.00022|0.00206|-0.00007|0.00013| 0.00003|0.00041| 0.00007|0.00068| 0.00008|0.00086|-0.00002|0.04279|0.03855|0.02582|0.02074
 30.0|1.5|0.2|0.1|0.00010|0.00144|0.01315| 0.92717| 0.85893| 1.04182| 0.91417| 0.95482| 0.81929| 0.43482| 0.34399| 0.12205| 0.08121| 0.23153| 0.17728| 0.24639| 0.19158| 0.11044| 0.04541|0.00610|-0.00043|0.01440|-0.00152|0.01843|-0.00289|0.01384|-0.00375|0.00229|-0.00014|0.00620|-0.00058|0.00869|-0.00118|0.00695|-0.00131|0.18607|0.18559|0.08535|0.08093
 30.0|1.5|0.2|0.1|0.00050|0.00485|0.01649| 2.03770| 2.02819| 2.18338| 2.07258| 1.94318| 1.81903| 0.85411| 0.78372| 0.40454| 0.36617| 0.64838| 0.64632| 0.64395| 0.65027| 0.26562| 0.22744|0.03567| 0.01072|0.06994| 0.02497|0.07927| 0.02818|0.04462| 0.00292|0.01482| 0.00381|0.03405| 0.00914|0.04149| 0.01006|0.02283|-0.00045|0.44440|0.46261|0.17703|0.17881
 30.0|1.5|0.2|0.1|0.00100|0.00802|0.01822| 2.75065| 2.77767| 2.88068| 2.77623| 2.53321| 2.41334| 1.09892| 1.04563| 0.61755| 0.60615| 0.94898| 0.99567| 0.92114| 0.97422| 0.36768| 0.35247|0.06900| 0.03339|0.12226| 0.07020|0.13216| 0.07707|0.06968| 0.02236|0.03019| 0.01224|0.06351| 0.02881|0.07312| 0.03281|0.03591| 0.00603|0.61569|0.65423|0.23643|0.24541
 30.0|1.5|0.2|0.1|0.00500|0.02397|0.02366| 4.79388| 5.25216| 4.92025| 5.19852| 4.28006| 4.49686| 1.96368| 1.96911| 1.53324| 1.67463| 2.09111| 2.35441| 1.95743| 2.19297| 0.74627| 0.80391|0.22273| 0.17117|0.36269| 0.30309|0.37883| 0.31427|0.17359| 0.12285|0.10775| 0.06919|0.19822| 0.14702|0.21620| 0.16330|0.09010| 0.04901|1.35278|1.50578|0.52474|0.57797
 30.0|1.5|0.2|0.1|0.01000|0.03752|0.02784| 5.99206| 6.65693| 6.02743| 6.49819| 5.22325| 5.61235| 2.48211| 2.50936| 2.15388| 2.40306| 2.81119| 3.17675| 2.60606| 2.91695| 0.97681| 1.06407|0.36532| 0.31342|0.56392| 0.50003|0.57345| 0.49818|0.24372| 0.19151|0.18158| 0.13510|0.31757| 0.26213|0.33532| 0.27842|0.12636| 0.08314|1.74368|1.98183|0.69066|0.77713
 30.0|1.5|0.2|0.1|0.10000|0.14579|0.05722| 9.21791|11.23680| 8.72451|10.56949| 7.57355| 9.08744| 4.00378| 4.17606| 4.37183| 5.04736| 5.11100| 5.85413| 4.64288| 5.23558| 1.79887| 1.98135|1.14111| 1.15617|1.59213| 1.54954|1.52975| 1.44570|0.53827| 0.51712|0.59807| 0.58040|0.93405| 0.92551|0.91973| 0.90292|0.27491| 0.25792|2.46803|2.98975|0.99317|1.19374
 30.0|0.8|0.1|0.2|0.00001|0.00017|0.00686| 0.30581| 0.16311| 0.42737| 0.21136| 0.46263| 0.21829| 0.37110| 0.15428| 0.01331| 0.00542| 0.03853| 0.01549| 0.05651| 0.02191| 0.04765| 0.00990|0.00018| 0.00007|0.00060| 0.00022|0.00102| 0.00032|0.00125| 0.00015|0.00006| 0.00003|0.00021| 0.00008|0.00036| 0.00011|0.00044| 0.00005|0.03844|0.03405|0.03634|0.03005
 30.0|0.8|0.1|0.2|0.00010|0.00121|0.00981| 0.86762| 0.53902| 1.01451| 0.57006| 1.02530| 0.54846| 0.77893| 0.38014| 0.13517| 0.08388| 0.25245| 0.17251| 0.28986| 0.20011| 0.19268| 0.11476|0.00861|-0.00047|0.02247|-0.00076|0.03055|-0.00099|0.02506|-0.00324|0.00309|-0.00017|0.00910|-0.00050|0.01364|-0.00087|0.01162|-0.00158|0.08755|0.07944|0.07454|0.06376
 30.0|0.8|0.1|0.2|0.00050|0.00533|0.01196| 1.38108| 0.88749| 1.54283| 0.91029| 1.53315| 0.86395| 1.15883| 0.60345| 0.35223| 0.26649| 0.52769| 0.39939| 0.55986| 0.41643| 0.35541| 0.24929|0.05828| 0.02647|0.11199| 0.05372|0.12818| 0.06072|0.08232| 0.03001|0.02430| 0.01034|0.05712| 0.02475|0.07094| 0.03013|0.04261| 0.01164|0.13361|0.12208|0.11157|0.09749
 30.0|0.8|0.1|0.2|0.00100|0.00958|0.01313| 1.57970| 1.03252| 1.73393| 1.04473| 1.71414| 0.98387| 1.30149| 0.68351| 0.46411| 0.36296| 0.65825| 0.50441| 0.68466| 0.51335| 0.43126| 0.30895|0.10228| 0.05748|0.17113| 0.09869|0.18639| 0.10429|0.11335| 0.05316|0.04697| 0.02432|0.09617| 0.05143|0.11100| 0.05856|0.06060| 0.02320|0.15240|0.14012|0.12430|0.11010
 30.0|0.8|0.1|0.2|0.00500|0.03161|0.01784| 2.14923| 1.42771| 2.30874| 1.40858| 2.25312| 1.30661| 1.68430| 0.89664| 0.74717| 0.58740| 0.98312| 0.74579| 0.99485| 0.73643| 0.61157| 0.44078|0.23003| 0.15086|0.32947| 0.20776|0.34177| 0.20585|0.19521| 0.11102|0.12679| 0.07577|0.20628| 0.12734|0.22066| 0.13406|0.11031| 0.05852|0.20648|0.19513|0.15890|0.15026
 30.0|0.8|0.1|0.2|0.01000|0.04731|0.02081| 2.38497| 1.59098| 2.51877| 1.54715| 2.44092| 1.42468| 1.82253| 0.96942| 0.89423| 0.69772| 1.13637| 0.85749| 1.13503| 0.83578| 0.69074| 0.49710|0.30707| 0.20248|0.41826| 0.26096|0.42485| 0.25377|0.23344| 0.13752|0.17610| 0.10930|0.26797| 0.16924|0.27904| 0.17319|0.13302| 0.07649|0.21256|0.20598|0.15749|0.15645
 30.0|0.8|0.1|0.2|0.10000|0.12150|0.03299| 3.08833| 2.10465| 3.17429| 2.00570| 3.04252| 1.82408| 2.25595| 1.19265| 1.31729| 1.03386| 1.58084| 1.19039| 1.54727| 1.13104| 0.91013| 0.64707|0.50533| 0.37034|0.65035| 0.43632|0.64547| 0.41311|0.33114| 0.21690|0.30299| 0.22583|0.42470| 0.30842|0.42985| 0.30254|0.19109| 0.13288|0.28189|0.29704|0.17976|0.20356
 30.0|1.0|0.1|0.2|0.00001|0.00018|0.00653| 0.30465| 0.16552| 0.43093| 0.21903| 0.46304| 0.22549| 0.35129| 0.15110| 0.01293| 0.00485| 0.03676| 0.01379| 0.05308| 0.01923| 0.04305| 0.00728|0.00023| 0.00008|0.00074| 0.00023|0.00124| 0.00032|0.00150| 0.00012|0.00008| 0.00003|0.00026| 0.00008|0.00044| 0.00011|0.00055| 0.00005|0.04043|0.03600|0.03627|0.03013
 30.0|1.0|0.1|0.2|0.00010|0.00127|0.00933| 0.97890| 0.61369| 1.14968| 0.65641| 1.14600| 0.62904| 0.79376| 0.40967| 0.13422| 0.08380| 0.25737| 0.17829| 0.29495| 0.20689| 0.18251| 0.10787|0.00773|-0.00073|0.01955|-0.00165|0.02614|-0.00227|0.02103|-0.00367|0.00281|-0.00026|0.00811|-0.00077|0.01195|-0.00127|0.01001|-0.00158|0.11124|0.10304|0.08709|0.07689
 30.0|1.0|0.1|0.2|0.00050|0.00527|0.01153| 1.62980| 1.06116| 1.80838| 1.09017| 1.76850| 1.02516| 1.23188| 0.67067| 0.38121| 0.29447| 0.58888| 0.45702| 0.62213| 0.47474| 0.36610| 0.26282|0.05239| 0.02171|0.10106| 0.04567|0.11584| 0.05218|0.07280| 0.02417|0.02187| 0.00828|0.05108| 0.02031|0.06333| 0.02485|0.03731| 0.00875|0.19015|0.17689|0.13922|0.12482
 30.0|1.0|0.1|0.2|0.00100|0.00920|0.01275| 1.94472| 1.28067| 2.11402| 1.29324| 2.04851| 1.20356| 1.42981| 0.78099| 0.51374| 0.41186| 0.75252| 0.59090| 0.78062| 0.59887| 0.45575| 0.33404|0.09519| 0.05198|0.16433| 0.09341|0.18019| 0.09979|0.10625| 0.04853|0.04304| 0.02134|0.08959| 0.04687|0.10425| 0.05399|0.05560| 0.02037|0.21489|0.20054|0.15437|0.13951
 30.0|1.0|0.1|0.2|0.00500|0.02965|0.01794| 2.78688| 1.86539| 2.95752| 1.83665| 2.83352| 1.68391| 1.95442| 1.07960| 0.92191| 0.74057| 1.23698| 0.95513| 1.23905| 0.93230| 0.70216| 0.51534|0.24172| 0.16126|0.35942| 0.22757|0.37499| 0.22519|0.20269| 0.11399|0.12842| 0.07822|0.21659| 0.13551|0.23371| 0.14270|0.11116| 0.05799|0.30916|0.29370|0.20954|0.19826
 30.0|1.0|0.1|0.2|0.01000|0.04467|0.02108| 3.21222| 2.15381| 3.36487| 2.09363| 3.20057| 1.90809| 2.18686| 1.21290| 1.14464| 0.91045| 1.48203| 1.13495| 1.46360| 1.09383| 0.81704| 0.59783|0.33596| 0.22587|0.47666| 0.29990|0.48678| 0.29213|0.25350| 0.14881|0.18472| 0.11705|0.29456| 0.18820|0.30954| 0.19335|0.14002| 0.07985|0.35502|0.34330|0.22975|0.22479
 30.0|1.0|0.1|0.2|0.10000|0.12804|0.03647| 4.40096| 3.06976| 4.46668| 2.91781| 4.19208| 2.61511| 2.88997| 1.59174| 1.89033| 1.50091| 2.27667| 1.73003| 2.18953| 1.61418| 1.17811| 0.84905|0.65170| 0.47443|0.86487| 0.57362|0.85024| 0.53831|0.39435| 0.25830|0.37293| 0.27535|0.54681| 0.39237|0.54900| 0.38213|0.21742| 0.15023|0.55858|0.56609|0.30520|0.32822
 30.0|1.5|0.1|0.2|0.00001|0.00022|0.00563| 0.25029| 0.13376| 0.36592| 0.19147| 0.38846| 0.19696| 0.24989| 0.10438| 0.01071| 0.00320| 0.02873| 0.00863| 0.03983| 0.01107| 0.02947| 0.00080|0.00030| 0.00007|0.00091| 0.00020|0.00142| 0.00026|0.00155| 0.00003|0.00010| 0.00003|0.00033| 0.00007|0.00055| 0.00009|0.00068| 0.00002|0.04258|0.03916|0.03168|0.02715
 30.0|1.5|0.1|0.2|0.00010|0.00130|0.00822| 1.18467| 0.77807| 1.41940| 0.86664| 1.37497| 0.81743| 0.76556| 0.42960| 0.11726| 0.07409| 0.24048| 0.17043| 0.27575| 0.19809| 0.14219| 0.07815|0.00567|-0.00026|0.01322|-0.00092|0.01700|-0.00162|0.01290|-0.00230|0.00216|-0.00007|0.00578|-0.00033|0.00809|-0.00070|0.00644|-0.00083|0.20919|0.20233|0.12400|0.11674
 30.0|1.5|0.1|0.2|0.00050|0.00455|0.01046| 2.66336| 1.78058| 2.97650| 1.88743| 2.77888| 1.72141| 1.43966| 0.85471| 0.43015| 0.34887| 0.73258| 0.60209| 0.76514| 0.61869| 0.34933| 0.25909|0.03377| 0.00953|0.06695| 0.02263|0.07741| 0.02633|0.04594| 0.00767|0.01403| 0.00335|0.03257| 0.00863|0.04036| 0.01037|0.02328| 0.00165|0.49356|0.48774|0.26108|0.25462
 30.0|1.5|0.1|0.2|0.00100|0.00751|0.01167| 3.60287| 2.42489| 3.93492| 2.52777| 3.63090| 2.28047| 1.86799| 1.12386| 0.67529| 0.57289| 1.09624| 0.90935| 1.11701| 0.90416| 0.49024| 0.37797|0.06949| 0.03363|0.12824| 0.06689|0.14184| 0.07266|0.07597| 0.02845|0.03017| 0.01290|0.06513| 0.03021|0.07655| 0.03502|0.03837| 0.01027|0.68440|0.68503|0.34557|0.34330
 30.0|1.5|0.1|0.2|0.00500|0.02359|0.01752| 6.84185| 4.72440| 7.11190| 4.70686| 6.42352| 4.15590| 3.28979| 2.01938| 1.76285| 1.52211| 2.59589| 2.12442| 2.51133| 2.00096| 1.02083| 0.79371|0.23649| 0.16457|0.38970| 0.25926|0.41320| 0.25990|0.19935| 0.11224|0.11382| 0.07202|0.21264| 0.13897|0.23510| 0.14900|0.10173| 0.05156|1.30948|1.35894|0.62191|0.64467
 30.0|1.5|0.1|0.2|0.01000|0.03748|0.02235| 8.13496| 5.83516| 8.33780| 5.74469| 7.52547| 5.05865| 3.99726| 2.46504| 2.50556| 2.14308| 3.45654| 2.81358| 3.28581| 2.60148| 1.32039| 1.02035|0.39038| 0.27941|0.62144| 0.40889|0.64376| 0.39992|0.28574| 0.16837|0.19143| 0.12993|0.34394| 0.23152|0.37048| 0.23987|0.14533| 0.08154|1.68853|1.78912|0.80325|0.85642
 30.0|1.5|0.1|0.2|0.10000|0.14340|0.05335|12.61157|10.18503|12.24594| 9.51315|11.05613| 8.29429| 6.61434| 4.27950| 5.73526| 4.98594| 6.87542| 5.69850| 6.35825| 5.09561| 2.55015| 1.93921|1.34503| 0.99959|1.96715| 1.30972|1.91818| 1.21719|0.65626| 0.43067|0.67510| 0.50818|1.10886| 0.79529|1.11015| 0.76881|0.31908| 0.21740|2.62432|3.03653|1.29406|1.46118
 30.0|0.8|0.2|0.2|0.00001|0.00020|0.01070| 0.26727| 0.15322| 0.38007| 0.21496| 0.41727| 0.22575| 0.35510| 0.15548| 0.01071| 0.00383| 0.03233| 0.01128| 0.04964| 0.01636| 0.04730| 0.00657|0.00016| 0.00005|0.00054| 0.00016|0.00095| 0.00023|0.00133| 0.00011|0.00005| 0.00002|0.00019| 0.00005|0.00033| 0.00008|0.00046| 0.00004|0.04785|0.03973|0.04732|0.03615
 30.0|0.8|0.2|0.2|0.00010|0.00146|0.01752| 0.84217| 0.71092| 0.98668| 0.76065| 1.00672| 0.73409| 0.79991| 0.51345| 0.12696| 0.07773| 0.25058| 0.18264| 0.29644| 0.22746| 0.21465| 0.13698|0.00827|-0.00054|0.02295|-0.00138|0.03296|-0.00216|0.03086|-0.00505|0.00291|-0.00018|0.00895|-0.00060|0.01413|-0.00115|0.01412|-0.00212|0.12259|0.11350|0.10763|0.09403
 30.0|0.8|0.2|0.2|0.00050|0.00657|0.02185| 1.38928| 1.28461| 1.53982| 1.30990| 1.52689| 1.23758| 1.17097| 0.86838| 0.35698| 0.30693| 0.54970| 0.52780| 0.59267| 0.58050| 0.40279| 0.37218|0.05738| 0.02444|0.11643| 0.05870|0.13841| 0.07437|0.10223| 0.04151|0.02308| 0.00896|0.05772| 0.02369|0.07579| 0.03158|0.05416| 0.01422|0.19329|0.18339|0.16202|0.14723
 30.0|0.8|0.2|0.2|0.00100|0.01203|0.02392| 1.62583| 1.55938| 1.76735| 1.56410| 1.73731| 1.46721| 1.32252| 1.03008| 0.48639| 0.46176| 0.70043| 0.71753| 0.73582| 0.76267| 0.49058| 0.49137|0.10230| 0.05718|0.18370| 0.12360|0.20757| 0.14750|0.14373| 0.08561|0.04491| 0.02206|0.09975| 0.05476|0.12193| 0.06997|0.07847| 0.03322|0.21745|0.21054|0.17783|0.16750
 30.0|0.8|0.2|0.2|0.00500|0.04141|0.03084| 2.17949| 2.26102| 2.28425| 2.20843| 2.20498| 2.04105| 1.65109| 1.41878| 0.84156| 0.91838| 1.08005| 1.20865| 1.08606| 1.21952| 0.70186| 0.78832|0.26588| 0.21944|0.38200| 0.35489|0.39921| 0.37720|0.24919| 0.22407|0.14509| 0.09962|0.24057| 0.19445|0.26022| 0.22161|0.14572| 0.10926|0.27151|0.28260|0.20491|0.22058
 30.0|0.8|0.2|0.2|0.01000|0.06240|0.03491| 2.41865| 2.58324| 2.50129| 2.50197| 2.39542| 2.29958| 1.77365| 1.58651| 0.98613| 1.11842| 1.23093| 1.41962| 1.22559| 1.41559| 0.78938| 0.91705|0.34673| 0.31566|0.47836| 0.47437|0.49248| 0.49278|0.30094| 0.29588|0.20008| 0.15400|0.30892| 0.27712|0.32730| 0.30693|0.17901| 0.15580|0.29319|0.31732|0.21024|0.24241
 30.0|0.8|0.2|0.2|0.10000|0.17355|0.05453| 3.08586| 3.63742| 3.06769| 3.44164| 2.88223| 3.12651| 2.08209| 2.12830| 1.48832| 1.83442| 1.72723| 2.14758| 1.67396| 2.08359| 1.05373| 1.34007|0.64076| 0.72318|0.79225| 0.90882|0.78853| 0.89819|0.46170| 0.55400|0.41030| 0.44151|0.54774| 0.62866|0.55443| 0.64589|0.28705| 0.34556|0.34864|0.42917|0.21752|0.30479
 30.0|1.0|0.2|0.2|0.00001|0.00021|0.01036| 0.25498| 0.14341| 0.36664| 0.21020| 0.40315| 0.22333| 0.33211| 0.14833| 0.01043| 0.00329| 0.03099| 0.00955| 0.04686| 0.01353| 0.04326| 0.00388|0.00019| 0.00005|0.00063| 0.00015|0.00111| 0.00022|0.00157| 0.00008|0.00006| 0.00002|0.00022| 0.00005|0.00039| 0.00008|0.00057| 0.00003|0.04900|0.04239|0.04637|0.03736
 30.0|1.0|0.2|0.2|0.00010|0.00153|0.01670| 0.93266| 0.78831| 1.09326| 0.84770| 1.09646| 0.81209| 0.79979| 0.53376| 0.12540| 0.07621| 0.25201| 0.18274| 0.29725| 0.22684| 0.20092| 0.12293|0.00733|-0.00102|0.01970|-0.00290|0.02771|-0.00450|0.02560|-0.00638|0.00261|-0.00034|0.00789|-0.00111|0.01228|-0.00192|0.01218|-0.00246|0.14663|0.13797|0.11852|0.10553
 30.0|1.0|0.2|0.2|0.00050|0.00653|0.02106| 1.64198| 1.52299| 1.80731| 1.54870| 1.76148| 1.44915| 1.24463| 0.96091| 0.38481| 0.33353| 0.60945| 0.58909| 0.65217| 0.64408| 0.40803| 0.37857|0.05220| 0.02035|0.10641| 0.04946|0.12666| 0.06252|0.09075| 0.03164|0.02099| 0.00734|0.05204| 0.01944|0.06806| 0.02567|0.04734| 0.01011|0.24928|0.24184|0.18722|0.17455
 30.0|1.0|0.2|0.2|0.00100|0.01168|0.02331| 1.96842| 1.89380| 2.12760| 1.90162| 2.05745| 1.76826| 1.45115| 1.17094| 0.54652| 0.52032| 0.80616| 0.82779| 0.83982| 0.87417| 0.51659| 0.51935|0.09563| 0.05155|0.17491| 0.11334|0.19856| 0.13553|0.13420| 0.07444|0.04149| 0.01958|0.09290| 0.04909|0.11410| 0.06266|0.07204| 0.02776|0.30561|0.30161|0.22071|0.21138
 30.0|1.0|0.2|0.2|0.00500|0.03915|0.03057| 2.82267| 2.91427| 2.95217| 2.85639| 2.80562| 2.61873| 1.94193| 1.72066| 1.02348| 1.11826| 1.34430| 1.50569| 1.34376| 1.50935| 0.81137| 0.91273|0.28432| 0.23460|0.42342| 0.38875|0.44449| 0.41297|0.26536| 0.23215|0.14927| 0.10360|0.25764| 0.20724|0.28095| 0.23607|0.15070| 0.10921|0.43453|0.45027|0.29004|0.30566
 30.0|1.0|0.2|0.2|0.01000|0.05891|0.03486| 3.19705| 3.41018| 3.29164| 3.30128| 3.10500| 3.00572| 2.13586| 1.96683| 1.24030| 1.40223| 1.58808| 1.82682| 1.57099| 1.80829| 0.94267| 1.09061|0.37354| 0.33715|0.53609| 0.52181|0.55690| 0.54377|0.32712| 0.31096|0.20814| 0.15917|0.33515| 0.29552|0.35960| 0.32911|0.18868| 0.15752|0.46886|0.49983|0.30013|0.33443
 30.0|1.0|0.2|0.2|0.10000|0.18096|0.05877| 4.44965| 5.20238| 4.40224| 4.89849| 4.05672| 4.38840| 2.71732| 2.81975| 2.12153| 2.57232| 2.48280| 3.03096| 2.37101| 2.89515| 1.38199| 1.72719|0.82492| 0.90173|1.04984| 1.15448|1.04133| 1.13377|0.57152| 0.65940|0.50911| 0.52775|0.70784| 0.77858|0.71563| 0.79756|0.34333| 0.39506|0.60806|0.71792|0.33309|0.44080
 30.0|1.5|0.2|0.2|0.00001|0.00027|0.00873| 0.18562| 0.08481| 0.28016| 0.14573| 0.30884| 0.15934| 0.22764| 0.08473| 0.00825| 0.00151| 0.02312| 0.00404| 0.03370| 0.00500| 0.02971|-0.00171|0.00025| 0.00004|0.00081| 0.00010|0.00135| 0.00013|0.00178|-0.00002|0.00009| 0.00001|0.00029| 0.00004|0.00051| 0.00005|0.00075| 0.00000|0.04740|0.04160|0.03929|0.03185
 30.0|1.5|0.2|0.2|0.00010|0.00162|0.01449| 1.10170| 0.93066| 1.32724| 1.04784| 1.28408| 0.98574| 0.71958| 0.51446| 0.10862| 0.06530| 0.23008| 0.16267| 0.26967| 0.19832| 0.15159| 0.07564|0.00546|-0.00024|0.01341|-0.00109|0.01797|-0.00231|0.01561|-0.00351|0.00202|-0.00006|0.00568|-0.00033|0.00837|-0.00078|0.00781|-0.00118|0.24938|0.24620|0.15143|0.14414
 30.0|1.5|0.2|0.2|0.00050|0.00568|0.01902| 2.55194| 2.34310| 2.85204| 2.47022| 2.66607| 2.25786| 1.42470| 1.17880| 0.44010| 0.38378| 0.76400| 0.73617| 0.80220| 0.79005| 0.38535| 0.34459|0.03438| 0.00829|0.07182| 0.02169|0.08639| 0.02718|0.05809| 0.00598|0.01385| 0.00285|0.03383| 0.00746|0.04413| 0.00914|0.02983| 0.00019|0.60217|0.61820|0.32768|0.32623
 30.0|1.5|0.2|0.2|0.00100|0.00951|0.02102| 3.44750| 3.27171| 3.76905| 3.38564| 3.47874| 3.05788| 1.81680| 1.57162| 0.71572| 0.68323| 1.14776| 1.17781| 1.16609| 1.21534| 0.54439| 0.54113|0.06890| 0.03079|0.13323| 0.07197|0.15325| 0.08622|0.09465| 0.03601|0.02905| 0.01115|0.06611| 0.02850|0.08183| 0.03569|0.04884| 0.01104|0.83552|0.87465|0.43904|0.44568
 30.0|1.5|0.2|0.2|0.00500|0.03049|0.02926| 6.48278| 6.61512| 6.78611| 6.58161| 6.11697| 5.80924| 3.12627| 2.92923| 1.82662| 1.98471| 2.61491| 2.92583| 2.52998| 2.83674| 1.13166| 1.25903|0.28104| 0.22362|0.46006| 0.40117|0.48874| 0.42818|0.25702| 0.20185|0.13369| 0.09169|0.25448| 0.19607|0.28309| 0.22379|0.13570| 0.08555|1.61243|1.77229|0.78270|0.83772
 30.0|1.5|0.2|0.2|0.01000|0.04863|0.03531| 8.18716| 8.57459| 8.35897| 8.33596| 7.46812| 7.29955| 3.80928| 3.69875| 2.59507| 2.92287| 3.56312| 4.09725| 3.38516| 3.88341| 1.48786| 1.69281|0.43077| 0.37829|0.68721| 0.63735|0.72415| 0.66819|0.37066| 0.32343|0.21521| 0.16366|0.38794| 0.32881|0.42552| 0.36857|0.19651| 0.14750|1.98891|2.23265|0.94626|1.03680
 30.0|1.5|0.2|0.2|0.10000|0.20268|0.08022|13.08177|16.19671|12.50745|15.00938|11.12441|13.02356| 6.51803| 6.98130| 6.58298| 7.95188| 7.63587| 9.27075| 7.00712| 8.41630| 3.16596| 3.75108|1.74976| 1.79858|2.45669| 2.46113|2.42270| 2.37852|1.02982| 1.06742|0.93988| 0.91585|1.48498| 1.49829|1.50790| 1.52402|0.54816| 0.55790|3.04521|3.72204|1.45369|1.72896
 60.0|0.8|0.1|0.1|0.00001|0.00012|0.00532| 0.43798| 0.27199| 0.57274| 0.32610| 0.57126| 0.31690| 0.31599| 0.16850| 0.01633| 0.01153| 0.04453| 0.02981| 0.05942| 0.03705| 0.03172| 0.01053|0.00024| 0.00020|0.00070| 0.00053|0.00098| 0.00068|0.00060| 0.00019|0.00008| 0.00007|0.00024| 0.00018|0.00033| 0.00023|0.00020| 0.00006|0.05985|0.05583|0.04018|0.03569
 60.0|0.8|0.1|0.1|0.00010|0.00075|0.00774| 1.30663| 0.83855| 1.43889| 0.86095| 1.36059| 0.79236| 0.77564| 0.43952| 0.18297| 0.14091| 0.34694| 0.27052| 0.37666| 0.29062| 0.17945| 0.11812|0.00477| 0.00056|0.01309| 0.00144|0.01794| 0.00138|0.01232|-0.00126|0.00167| 0.00020|0.00485| 0.00045|0.00705| 0.00034|0.00505|-0.00044|0.14826|0.14004|0.08714|0.07982
 60.0|0.8|0.1|0.1|0.00050|0.00321|0.00985| 2.18652| 1.39221| 2.31081| 1.38801| 2.15563| 1.25878| 1.25993| 0.70735| 0.51386| 0.42087| 0.79878| 0.62004| 0.81098| 0.60920| 0.38156| 0.27501|0.05074| 0.02827|0.10201| 0.05498|0.11492| 0.05926|0.05951| 0.02111|0.01979| 0.01080|0.04773| 0.02463|0.05827| 0.02819|0.02783| 0.00765|0.22346|0.21323|0.12534|0.11696
 60.0|0.8|0.1|0.1|0.00100|0.00603|0.01101| 2.56735| 1.65211| 2.66439| 1.62174| 2.46666| 1.46175| 1.46640| 0.82641| 0.72892| 0.58794| 1.05390| 0.79696| 1.04404| 0.76580| 0.49401| 0.35292|0.09892| 0.06270|0.18040| 0.11000|0.19767| 0.11398|0.09779| 0.04593|0.04159| 0.02529|0.09134| 0.05426|0.10632| 0.06059|0.04698| 0.01877|0.29156|0.27634|0.15702|0.14619
 60.0|0.8|0.1|0.1|0.00500|0.02372|0.01675| 3.36450| 2.24061| 3.43467| 2.16496| 3.18091| 1.93418| 1.98269| 1.07773| 1.31126| 0.99158| 1.65894| 1.18683| 1.58780| 1.10348| 0.74231| 0.50867|0.32728| 0.21990|0.49618| 0.29570|0.50029| 0.27962|0.20845| 0.11204|0.15920| 0.10493|0.28271| 0.17754|0.29652| 0.17745|0.10466| 0.05317|0.47845|0.44390|0.23747|0.22340
 60.0|0.8|0.1|0.1|0.01000|0.03956|0.02044| 3.75363| 2.50803| 3.76979| 2.39341| 3.46875| 2.12685| 2.17430| 1.17707| 1.56683| 1.16889| 1.92130| 1.35372| 1.82173| 1.24437| 0.84500| 0.56762|0.43233| 0.28561|0.62381| 0.36613|0.61599| 0.34144|0.24601| 0.13497|0.22020| 0.14361|0.36548| 0.22789|0.37242| 0.22268|0.12371| 0.06676|0.55587|0.51833|0.27298|0.25893
 60.0|0.8|0.1|0.1|0.10000|0.13084|0.03618| 4.61710| 3.09465| 4.59059| 2.93402| 4.20875| 2.58372| 2.68692| 1.37066| 1.95094| 1.38141| 2.32519| 1.57275| 2.20105| 1.43640| 1.06097| 0.66454|0.56257| 0.37615|0.80675| 0.48061|0.79422| 0.45075|0.29775| 0.17661|0.28763| 0.20203|0.45354| 0.30387|0.45796| 0.29548|0.15325| 0.09554|0.58625|0.58149|0.27500|0.28623
 60.0|1.0|0.1|0.1|0.00001|0.00011|0.00510| 0.34861| 0.21184| 0.46044| 0.26213| 0.45833| 0.25507| 0.24530| 0.12331| 0.01292| 0.00804| 0.03491| 0.02044| 0.04611| 0.02458| 0.02514| 0.00520|0.00021| 0.00015|0.00061| 0.00041|0.00086| 0.00051|0.00061| 0.00012|0.00007| 0.00005|0.00021| 0.00014|0.00029| 0.00017|0.00021| 0.00004|0.05338|0.05024|0.03386|0.03037
 60.0|1.0|0.1|0.1|0.00010|0.00068|0.00720| 1.19732| 0.77809| 1.33295| 0.81282| 1.25101| 0.74532| 0.65294| 0.37681| 0.15023| 0.11162| 0.28848| 0.22109| 0.31151| 0.23723| 0.13825| 0.08364|0.00407| 0.00033|0.01080| 0.00064|0.01439| 0.00023|0.00974|-0.00134|0.00143| 0.00012|0.00411| 0.00021|0.00588| 0.00001|0.00422|-0.00042|0.15513|0.14856|0.08307|0.07773
 60.0|1.0|0.1|0.1|0.00050|0.00331|0.00935| 2.26350| 1.47565| 2.38419| 1.48135| 2.18784| 1.33017| 1.16873| 0.67951| 0.50314| 0.41474| 0.79333| 0.62432| 0.79591| 0.60695| 0.34240| 0.24656|0.04603| 0.02259|0.08973| 0.04442|0.09983| 0.04756|0.05022| 0.01504|0.01833| 0.00846|0.04284| 0.01937|0.05128| 0.02191|0.02395| 0.00507|0.29584|0.28534|0.14170|0.13615
 60.0|1.0|0.1|0.1|0.00100|0.00520|0.00997| 2.64858| 1.73556| 2.74173| 1.71950| 2.50843| 1.53771| 1.37906| 0.80262| 0.67046| 0.55010| 1.00789| 0.77886| 0.99476| 0.74609| 0.42403| 0.30738|0.07290| 0.04138|0.13408| 0.07728|0.14698| 0.08096|0.07035| 0.02836|0.03078| 0.01596|0.06713| 0.03574|0.07783| 0.04008|0.03384| 0.01063|0.35939|0.34605|0.17300|0.16566
 60.0|1.0|0.1|0.1|0.00500|0.02150|0.01551| 3.89306| 2.63296| 3.96128| 2.56085| 3.61032| 2.27106| 2.06892| 1.17706| 1.42397| 1.09739| 1.83877| 1.33934| 1.74561| 1.23653| 0.73849| 0.51559|0.30265| 0.20417|0.46779| 0.28271|0.47136| 0.26754|0.18530| 0.09835|0.14451| 0.09448|0.25956| 0.16388|0.27207| 0.16369|0.09163| 0.04507|0.69899|0.66110|0.32236|0.31163
 60.0|1.0|0.1|0.1|0.01000|0.03180|0.01816| 4.29074| 2.92523| 4.31849| 2.81935| 3.91688| 2.48772| 2.25766| 1.27592| 1.62983| 1.25290| 2.06169| 1.49864| 1.94234| 1.37020| 0.80483| 0.55567|0.37976| 0.25427|0.56506| 0.33702|0.55875| 0.31383|0.20919| 0.11223|0.18800| 0.12270|0.31979| 0.20098|0.32660| 0.19615|0.10436| 0.05345|0.78292|0.73788|0.35699|0.34471
 60.0|1.0|0.1|0.1|0.10000|0.11560|0.03584| 5.49657| 3.74687| 5.45495| 3.58294| 4.90414| 3.11298| 2.86177| 1.48703| 2.08726| 1.53323| 2.58567| 1.79331| 2.42334| 1.61716| 1.02539| 0.65046|0.55248| 0.36106|0.78148| 0.45641|0.76174| 0.42282|0.28241| 0.16132|0.28275| 0.19167|0.44491| 0.28761|0.44504| 0.27646|0.14303| 0.08602|0.91773|0.91654|0.40327|0.42140
 60.0|1.5|0.1|0.1|0.00001|0.00017|0.00455| 0.24750| 0.15062| 0.31523| 0.18443| 0.30675| 0.17477| 0.15218| 0.06900| 0.01229| 0.00526| 0.03080| 0.01254| 0.03866| 0.01371| 0.02073|-0.00011|0.00031| 0.00011|0.00089| 0.00028|0.00131| 0.00031|0.00119|-0.00000|0.00011| 0.00004|0.00032| 0.00010|0.00049| 0.00011|0.00049| 0.00000|0.03991|0.03754|0.02233|0.01958
 60.0|1.5|0.1|0.1|0.00010|0.00089|0.00625| 1.07641| 0.73270| 1.20591| 0.78412| 1.09192| 0.69737| 0.45337| 0.26937| 0.12039| 0.08273| 0.22456| 0.16810| 0.23435| 0.17412| 0.08908| 0.04263|0.00515| 0.00003|0.01161|-0.00021|0.01396|-0.00085|0.00839|-0.00150|0.00195| 0.00002|0.00502|-0.00010|0.00657|-0.00042|0.00409|-0.00050|0.18928|0.18903|0.08035|0.07906
 60.0|1.5|0.1|0.1|0.00050|0.00300|0.00767| 2.16176| 1.53103| 2.35095| 1.63618| 2.10701| 1.44941| 0.91528| 0.57511| 0.38686| 0.31944| 0.64722| 0.52490| 0.64248| 0.50761| 0.22613| 0.15804|0.02900| 0.00841|0.05361| 0.01898|0.05866| 0.02044|0.02846| 0.00317|0.01224| 0.00278|0.02646| 0.00681|0.03062| 0.00749|0.01395| 0.00036|0.54131|0.55119|0.22819|0.23613
 60.0|1.5|0.1|0.1|0.00100|0.00511|0.00851| 2.76550| 1.97136| 2.94358| 2.07280| 2.63199| 1.83413| 1.20961| 0.76071| 0.60380| 0.50426| 0.94791| 0.75835| 0.92154| 0.71935| 0.31193| 0.22823|0.05072| 0.02174|0.09127| 0.04526|0.09895| 0.04775|0.04482| 0.01331|0.02238| 0.00749|0.04575| 0.01852|0.05195| 0.02098|0.02172| 0.00409|0.84539|0.84196|0.37216|0.38243
 60.0|1.5|0.1|0.1|0.00500|0.01570|0.01226| 4.73042| 3.47536| 4.80215| 3.47384| 4.22690| 3.04134| 2.04321| 1.30038| 1.46523| 1.19259| 1.98124| 1.53786| 1.84792| 1.40019| 0.61398| 0.45281|0.21242| 0.14284|0.34893| 0.21782|0.35320| 0.20770|0.12362| 0.06320|0.09670| 0.06017|0.18061| 0.11461|0.19040| 0.11581|0.05833| 0.02560|1.22825|1.25415|0.51833|0.55168
 60.0|1.5|0.1|0.1|0.01000|0.02546|0.01571| 5.37009| 3.99088| 5.34708| 3.90838| 4.68979| 3.40584| 2.32585| 1.47160| 1.77708| 1.43675| 2.31136| 1.78788| 2.13854| 1.60814| 0.74052| 0.53042|0.30400| 0.20967|0.47891| 0.30258|0.47407| 0.28291|0.15382| 0.08139|0.14276| 0.09344|0.25432| 0.16456|0.25976| 0.16068|0.07268| 0.03441|1.31704|1.34619|0.54623|0.58030
 60.0|1.5|0.1|0.1|0.10000|0.09603|0.03617| 8.24258| 6.18658| 7.99409| 5.86608| 7.01517| 5.00636| 3.53998| 2.06186| 2.86763| 2.26383| 3.68198| 2.73621| 3.37711| 2.40838| 1.10517| 0.72022|0.51476| 0.33606|0.77221| 0.45056|0.75094| 0.41373|0.23298| 0.12759|0.24397| 0.16171|0.40951| 0.25828|0.40934| 0.24670|0.10868| 0.06117|1.63482|1.68928|0.63280|0.68635
 60.0|0.8|0.2|0.1|0.00001|0.00015|0.00873| 0.37310| 0.27378| 0.51557| 0.35794| 0.53055| 0.35547| 0.32742| 0.19310| 0.01209| 0.00823| 0.03487| 0.02267| 0.04977| 0.03000| 0.03283| 0.00989|0.00018| 0.00013|0.00054| 0.00038|0.00081| 0.00051|0.00064| 0.00017|0.00006| 0.00005|0.00019| 0.00013|0.00028| 0.00018|0.00022| 0.00006|0.07481|0.06843|0.05588|0.04774
 60.0|0.8|0.2|0.1|0.00010|0.00094|0.01418| 1.31900| 1.14796| 1.46046| 1.18511| 1.38386| 1.09362| 0.80616| 0.62109| 0.18213| 0.14907| 0.36468| 0.31763| 0.40342| 0.35723| 0.20558| 0.14570|0.00488| 0.00061|0.01407| 0.00150|0.02042| 0.00136|0.01668|-0.00195|0.00168| 0.00022|0.00509| 0.00049|0.00778| 0.00035|0.00671|-0.00069|0.21241|0.20704|0.12802|0.11950
 60.0|0.8|0.2|0.1|0.00050|0.00415|0.01803| 2.22363| 2.04935| 2.34024| 2.03168| 2.18391| 1.84526| 1.30729| 1.08141| 0.57125| 0.54239| 0.87036| 0.86937| 0.88840| 0.89167| 0.46203| 0.43781|0.05494| 0.03307|0.11942| 0.07198|0.14026| 0.08322|0.08230| 0.03184|0.02080| 0.01226|0.05349| 0.02990|0.06907| 0.03617|0.03900| 0.01101|0.34009|0.33744|0.19596|0.18731
 60.0|0.8|0.2|0.1|0.00100|0.00801|0.02018| 2.65825| 2.51255| 2.74931| 2.45368| 2.55251| 2.21557| 1.56255| 1.31970| 0.79487| 0.79255| 1.14768| 1.17826| 1.15095| 1.18098| 0.60709| 0.60439|0.11888| 0.08377|0.22347| 0.16396|0.24664| 0.18047|0.13601| 0.07742|0.04848| 0.03257|0.11190| 0.07453|0.13382| 0.08722|0.06773| 0.02966|0.39203|0.39338|0.22106|0.21572
 60.0|0.8|0.2|0.1|0.00500|0.03269|0.02763| 3.81828| 3.75505| 3.83184| 3.56672| 3.49912| 3.17256| 2.12921| 1.87512| 1.50859| 1.60170| 1.92595| 2.04382| 1.85577| 1.95007| 0.96619| 1.00734|0.36891| 0.31081|0.56782| 0.48881|0.58807| 0.49738|0.29709| 0.23605|0.18389| 0.13862|0.33180| 0.26735|0.35950| 0.29152|0.15877| 0.10827|0.56048|0.57872|0.28695|0.29852
 60.0|0.8|0.2|0.1|0.01000|0.05534|0.03292| 4.26770| 4.28072| 4.23613| 4.03213| 3.84879| 3.56951| 2.36327| 2.09237| 1.83893| 1.97838| 2.25470| 2.39589| 2.14802| 2.25345| 1.11752| 1.16989|0.54216| 0.48208|0.77334| 0.68807|0.77975| 0.67786|0.38195| 0.32538|0.28745| 0.23058|0.47506| 0.40631|0.49616| 0.42624|0.20786| 0.16057|0.62038|0.65277|0.30446|0.33035
 60.0|0.8|0.2|0.1|0.10000|0.20008|0.06083| 5.57007| 5.94624| 5.35948| 5.52104| 4.81438| 4.84267| 3.02933| 2.76206| 2.86135| 3.12969| 3.24150| 3.48420| 3.02181| 3.20152| 1.54160| 1.65051|1.05994| 1.09115|1.36425| 1.33652|1.31953| 1.25631|0.58325| 0.59572|0.61701| 0.62735|0.87501| 0.90256|0.86257| 0.88296|0.32740| 0.33958|0.94802|1.08045|0.42209|0.50644
 60.0|1.0|0.2|0.1|0.00001|0.00014|0.00832| 0.29667| 0.20767| 0.42288| 0.28973| 0.43806| 0.29012| 0.26442| 0.14538| 0.00942| 0.00542| 0.02735| 0.01491| 0.03934| 0.01950| 0.02706| 0.00508|0.00016| 0.00010|0.00048| 0.00028|0.00074| 0.00038|0.00069| 0.00011|0.00005| 0.00003|0.00017| 0.00010|0.00025| 0.00013|0.00024| 0.00004|0.06286|0.05771|0.04499|0.03847
 60.0|1.0|0.2|0.1|0.00010|0.00087|0.01331| 1.21671| 1.06001| 1.35971| 1.10865| 1.27609| 1.01593| 0.68166| 0.52877| 0.15004| 0.11696| 0.30517| 0.25527| 0.33677| 0.28576| 0.16027| 0.09857|0.00396| 0.00033|0.01118| 0.00053|0.01588|-0.00013|0.01299|-0.00218|0.00138| 0.00012|0.00412| 0.00019|0.00625|-0.00006|0.00554|-0.00070|0.21127|0.20798|0.11549|0.10930
 60.0|1.0|0.2|0.1|0.00050|0.00434|0.01731| 2.34529| 2.17256| 2.46432| 2.16096| 2.25978| 1.94104| 1.23229| 1.04460| 0.55709| 0.52500| 0.86094| 0.85860| 0.86916| 0.87241| 0.41408| 0.38633|0.04985| 0.02621|0.10520| 0.05723|0.12170| 0.06530|0.06896| 0.02128|0.01919| 0.00962|0.04803| 0.02330|0.06074| 0.02759|0.03343| 0.00679|0.39442|0.39775|0.19837|0.19359
 60.0|1.0|0.2|0.1|0.00100|0.00691|0.01859| 2.72703| 2.59382| 2.81328| 2.53514| 2.55913| 2.25671| 1.41210| 1.22258| 0.73494| 0.72427| 1.09265| 1.11966| 1.08467| 1.11377| 0.51678| 0.50563|0.08954| 0.05653|0.17182| 0.11506|0.19039| 0.12732|0.10182| 0.04795|0.03629| 0.02151|0.08416| 0.05009|0.10083| 0.05841|0.05026| 0.01702|0.44542|0.45218|0.21653|0.21362
 60.0|1.0|0.2|0.1|0.00500|0.03009|0.02624| 4.39438| 4.36859| 4.39252| 4.15678| 3.93970| 3.65179| 2.20854| 1.98599| 1.64523| 1.75226| 2.13156| 2.27690| 2.02894| 2.14463| 0.95551| 0.99542|0.34258| 0.28452|0.53535| 0.45605|0.55304| 0.46181|0.26430| 0.20203|0.16738| 0.12357|0.30534| 0.24249|0.33022| 0.26320|0.13838| 0.08932|0.74068|0.77645|0.33049|0.34517
 60.0|1.0|0.2|0.1|0.01000|0.04491|0.03032| 4.85196| 4.93144| 4.83594| 4.68722| 4.34326| 4.11911| 2.47659| 2.23717| 1.98552| 2.13685| 2.48267| 2.65055| 2.34704| 2.47305| 1.10976| 1.15957|0.48741| 0.42502|0.72226| 0.63087|0.73213| 0.62346|0.33984| 0.27639|0.24786| 0.19430|0.42676| 0.35637|0.45002| 0.37630|0.18026| 0.12990|0.90875|0.95732|0.40345|0.42756
 60.0|1.0|0.2|0.1|0.10000|0.17753|0.05951| 6.73258| 7.28216| 6.53271| 6.82754| 5.79487| 5.93946| 3.39618| 3.12712| 3.35102| 3.65083| 3.83950| 4.10595| 3.54938| 3.73472| 1.65628| 1.74854|1.10438| 1.10846|1.44596| 1.38115|1.39028| 1.29029|0.57560| 0.56110|0.62697| 0.61166|0.91006| 0.90336|0.89276| 0.87958|0.31470| 0.30757|1.48958|1.71699|0.64185|0.75558
 60.0|1.5|0.2|0.1|0.00001|0.00022|0.00757| 0.23636| 0.15557| 0.31941| 0.21026| 0.31549| 0.20020| 0.16234| 0.07053| 0.01051| 0.00415| 0.02779| 0.01023| 0.03659| 0.01126| 0.02282|-0.00114|0.00027| 0.00009|0.00083| 0.00024|0.00129| 0.00027|0.00143|-0.00001|0.00009| 0.00003|0.00029| 0.00008|0.00047| 0.00009|0.00058| 0.00000|0.04786|0.04379|0.02885|0.02384
 60.0|1.5|0.2|0.1|0.00010|0.00118|0.01200| 1.05669| 0.95506| 1.19995| 1.02767| 1.09486| 0.91922| 0.47574| 0.37188| 0.12619| 0.08889| 0.24625| 0.19397| 0.26182| 0.20838| 0.10982| 0.04878|0.00506| 0.00005|0.01233|-0.00039|0.01587|-0.00149|0.01167|-0.00262|0.00185| 0.00003|0.00510|-0.00012|0.00718|-0.00054|0.00568|-0.00087|0.23077|0.23232|0.10199|0.09827
 60.0|1.5|0.2|0.1|0.00050|0.00408|0.01511| 2.48625| 2.34263| 2.68393| 2.41697| 2.37062| 2.11124| 0.95824| 0.85262| 0.44755| 0.40905| 0.73600| 0.72403| 0.72559| 0.71926| 0.27325| 0.23153|0.03183| 0.01029|0.06408| 0.02311|0.07272| 0.02517|0.03957| 0.00175|0.01290| 0.00364|0.03026| 0.00851|0.03699| 0.00907|0.01990|-0.00048|0.59459|0.62991|0.23235|0.24145
 60.0|1.5|0.2|0.1|0.00100|0.00683|0.01666| 3.46942| 3.33145| 3.65620| 3.36149| 3.18821| 2.90584| 1.28730| 1.17648| 0.71809| 0.70196| 1.13079| 1.15994| 1.08745| 1.11926| 0.38997| 0.36643|0.06480| 0.03241|0.11768| 0.06758|0.12716| 0.07298|0.06349| 0.01882|0.02762| 0.01186|0.05931| 0.02752|0.06830| 0.03073|0.03210| 0.00500|0.84138|0.91042|0.31428|0.33563
 60.0|1.5|0.2|0.1|0.00500|0.02200|0.02225| 5.96125| 6.23809| 6.05158| 6.16026| 5.24820| 5.32632| 2.38320| 2.27840| 1.87301| 2.00067| 2.57780| 2.80281| 2.39956| 2.58569| 0.83821| 0.87161|0.23640| 0.18207|0.39152| 0.31895|0.40696| 0.32628|0.17593| 0.11966|0.11077| 0.07334|0.20923| 0.15453|0.22763| 0.16902|0.08864| 0.04704|1.79043|2.02220|0.71151|0.80186
 60.0|1.5|0.2|0.1|0.01000|0.03535|0.02692| 7.11536| 7.69670| 7.00287| 7.42942| 6.07617| 6.41690| 2.95587| 2.86050| 2.66972| 2.91038| 3.44075| 3.76728| 3.16472| 3.41676| 1.11713| 1.16662|0.41508| 0.35175|0.66164| 0.56533|0.67368| 0.56033|0.26866| 0.20442|0.19839| 0.14974|0.35919| 0.29195|0.38078| 0.30862|0.13456| 0.08730|2.12627|2.46509|0.85926|0.98962
 60.0|1.5|0.2|0.1|0.10000|0.15329|0.06174|10.62432|12.68058| 9.95615|11.76545| 8.63395|10.05888| 4.72515| 4.61090| 5.19678| 5.78286| 6.09069| 6.66022| 5.51305| 5.90975| 2.03921| 2.11408|1.26922| 1.24184|1.77702| 1.65693|1.69719| 1.53056|0.57255| 0.51636|0.65644| 0.61663|1.03332| 0.98141|1.01047| 0.94623|0.28730| 0.25420|2.55000|3.13436|1.01284|1.22908
 60.0|0.8|0.2|0.2|0.00001|0.00015|0.00866| 0.30381| 0.19237| 0.47543| 0.29235| 0.52888| 0.31345| 0.40487| 0.20716| 0.00806| 0.00479| 0.02497| 0.01423| 0.03905| 0.02079| 0.03432| 0.01040|0.00011| 0.00008|0.00034| 0.00024|0.00054| 0.00036|0.00052| 0.00020|0.00004| 0.00003|0.00012| 0.00008|0.00019| 0.00012|0.00018| 0.00007|0.07647|0.06960|0.06923|0.06001
 60.0|0.8|0.2|0.2|0.00010|0.00106|0.01458| 1.48441| 1.18365| 1.73962| 1.27796| 1.72726| 1.22784| 1.17061| 0.80183| 0.16098| 0.12683| 0.35719| 0.29553| 0.42615| 0.35896| 0.25819| 0.18736|0.00374| 0.00045|0.01128| 0.00108|0.01729| 0.00099|0.01646|-0.00148|0.00129| 0.00017|0.00405| 0.00039|0.00651| 0.00034|0.00660|-0.00048|0.27395|0.26418|0.21015|0.19682
 60.0|0.8|0.2|0.2|0.00050|0.00485|0.01924| 2.66653| 2.26769| 2.92361| 2.31271| 2.82934| 2.16489| 1.92022| 1.42494| 0.60722| 0.55419| 0.98548| 0.94445| 1.04465| 1.00843| 0.60706| 0.56921|0.05373| 0.03094|0.12421| 0.07307|0.15402| 0.09102|0.10555| 0.04755|0.01992| 0.01118|0.05406| 0.02927|0.07416| 0.03844|0.05025| 0.01711|0.48069|0.47301|0.34955|0.33533
 60.0|0.8|0.2|0.2|0.00100|0.00926|0.02164| 3.21324| 2.81988| 3.45942| 2.83376| 3.32409| 2.63050| 2.25832| 1.72251| 0.89648| 0.86328| 1.32487| 1.31490| 1.36520| 1.35713| 0.79286| 0.77958|0.12149| 0.08452|0.24420| 0.17779|0.28143| 0.20716|0.17660| 0.11016|0.04842| 0.03240|0.11874| 0.07880|0.14996| 0.09831|0.08828| 0.04371|0.56080|0.55658|0.40204|0.39074
 60.0|0.8|0.2|0.2|0.00500|0.03884|0.03128| 4.58759| 4.26649| 4.77116| 4.15190| 4.50946| 3.78368| 3.03964| 2.45465| 1.66981| 1.74241| 2.20641| 2.29741| 2.19124| 2.26065| 1.27137| 1.31653|0.41398| 0.35071|0.64755| 0.57201|0.68646| 0.60105|0.38860| 0.32374|0.20538| 0.15572|0.37970| 0.30771|0.42062| 0.34650|0.21106| 0.15220|0.76760|0.79018|0.51512|0.53430
 60.0|0.8|0.2|0.2|0.01000|0.06650|0.03828| 5.15039| 4.93862| 5.27383| 4.73250| 4.94721| 4.27776| 3.33980| 2.76542| 2.06733| 2.20011| 2.62487| 2.76538| 2.57090| 2.67803| 1.48703| 1.55648|0.59907| 0.53404|0.87831| 0.79929|0.90912| 0.81625|0.50129| 0.44548|0.31900| 0.25368|0.53863| 0.46152|0.57860| 0.50388|0.27811| 0.22545|0.83108|0.87641|0.53420|0.58203
 60.0|0.8|0.2|0.2|0.10000|0.24971|0.07433| 6.95712| 7.13640| 6.85273| 6.68056| 6.29179| 5.94181| 4.19090| 3.70769| 3.46428| 3.78618| 3.97088| 4.28007| 3.75615| 4.01039| 2.12055| 2.31194|1.37376| 1.39408|1.73932| 1.71222|1.70016| 1.64175|0.85272| 0.88864|0.83081| 0.82064|1.16111| 1.18018|1.15429| 1.17684|0.49317| 0.52515|1.07471|1.25891|0.58716|0.75864
 60.0|1.0|0.2|0.2|0.00001|0.00014|0.00799| 0.24048| 0.13906| 0.38600| 0.22686| 0.43255| 0.24745| 0.32098| 0.15306| 0.00655| 0.00316| 0.02025| 0.00930| 0.03162| 0.01334| 0.02826| 0.00538|0.00010| 0.00006|0.00031| 0.00018|0.00052| 0.00027|0.00057| 0.00014|0.00003| 0.00002|0.00011| 0.00006|0.00018| 0.00009|0.00019| 0.00004|0.06110|0.05499|0.05380|0.04568
 60.0|1.0|0.2|0.2|0.00010|0.00098|0.01369| 1.36995| 1.09026| 1.63077| 1.19623| 1.60750| 1.14265| 1.01672| 0.69578| 0.12991| 0.09656| 0.29404| 0.23238| 0.35339| 0.28461| 0.20599| 0.13404|0.00309| 0.00043|0.00913| 0.00095|0.01371| 0.00074|0.01306|-0.00127|0.00107| 0.00015|0.00334| 0.00036|0.00534| 0.00030|0.00556|-0.00037|0.27011|0.26183|0.19091|0.17960
 60.0|1.0|0.2|0.2|0.00050|0.00500|0.01853| 2.85058| 2.42641| 3.13069| 2.49212| 2.99125| 2.31170| 1.86938| 1.41207| 0.60062| 0.54513| 0.99054| 0.94724| 1.04131| 1.00459| 0.55768| 0.51710|0.04687| 0.02295|0.10557| 0.05462|0.12941| 0.06760|0.08690| 0.03146|0.01765| 0.00825|0.04684| 0.02147|0.06325| 0.02775|0.04226| 0.01058|0.55986|0.55666|0.36678|0.35557
 60.0|1.0|0.2|0.2|0.00100|0.00812|0.02023| 3.38893| 2.95668| 3.64806| 2.98695| 3.46129| 2.74979| 2.18590| 1.68603| 0.83457| 0.79146| 1.28492| 1.26523| 1.32318| 1.30879| 0.70878| 0.68785|0.09146| 0.05702|0.18747| 0.12402|0.21791| 0.14583|0.13422| 0.07174|0.03606| 0.02135|0.08905| 0.05288|0.11320| 0.06617|0.06663| 0.02688|0.63946|0.64134|0.41543|0.40638
 60.0|1.0|0.2|0.2|0.00500|0.03671|0.03038| 5.33441| 5.00773| 5.53844| 4.88214| 5.16540| 4.40458| 3.24902| 2.67495| 1.84206| 1.92235| 2.48628| 2.59681| 2.44897| 2.53485| 1.31826| 1.36326|0.39485| 0.33094|0.62774| 0.54813|0.66570| 0.57488|0.36494| 0.29620|0.19237| 0.14409|0.36055| 0.28917|0.39993| 0.32513|0.19508| 0.13616|1.00052|1.03832|0.60352|0.62394
 60.0|1.0|0.2|0.2|0.01000|0.05486|0.03551| 6.06814| 5.78044| 6.22162| 5.56468| 5.76202| 4.98549| 3.61252| 3.02801| 2.25214| 2.38835| 2.94711| 3.10998| 2.87028| 2.99650| 1.53806| 1.60537|0.54138| 0.47270|0.83030| 0.74065|0.86943| 0.76464|0.46561| 0.39847|0.27637| 0.21546|0.48888| 0.40921|0.53339| 0.45250|0.25096| 0.19241|1.11383|1.17289|0.65179|0.69272
 60.0|1.0|0.2|0.2|0.10000|0.22563|0.07450| 8.97587| 9.15630| 8.85685| 8.59601| 8.03830| 7.57158| 4.98181| 4.41354| 4.31819| 4.70263| 5.00653| 5.36136| 4.69758| 4.96648| 2.45869| 2.63887|1.52591| 1.50424|1.99662| 1.89829|1.95711| 1.81911|0.92241| 0.92016|0.88389| 0.84047|1.28927| 1.26005|1.29191| 1.26245|0.51578| 0.51987|1.68751|1.94287|0.85280|1.04073
 60.0|1.5|0.2|0.2|0.00001|0.00022|0.00755| 0.18781| 0.09256| 0.29046| 0.15785| 0.31906| 0.17041| 0.22121| 0.08654| 0.00723| 0.00186| 0.02072| 0.00504| 0.03039| 0.00639| 0.02578|-0.00056|0.00019| 0.00004|0.00061| 0.00012|0.00102| 0.00016|0.00131| 0.00002|0.00006| 0.00002|0.00021| 0.00004|0.00037| 0.00006|0.00053| 0.00001|0.05055|0.04521|0.03999|0.03318
 60.0|1.5|0.2|0.2|0.00010|0.00131|0.01258| 1.29101| 1.03184| 1.56369| 1.16905| 1.50303| 1.09632| 0.79701| 0.55535| 0.11164| 0.07340| 0.24382| 0.17952| 0.28551| 0.21512| 0.14994| 0.07842|0.00437| 0.00022|0.01113| 0.00021|0.01509|-0.00049|0.01281|-0.00207|0.00159| 0.00009|0.00455| 0.00012|0.00675|-0.00012|0.00625|-0.00066|0.30332|0.30126|0.17578|0.16965
 60.0|1.5|0.2|0.2|0.00050|0.00484|0.01652| 3.08059| 2.64763| 3.44774| 2.81189| 3.18918| 2.54550| 1.59093| 1.23731| 0.49898| 0.44060| 0.87982| 0.82971| 0.91406| 0.87152| 0.40303| 0.35068|0.03030| 0.00807|0.06520| 0.02052|0.07877| 0.02491|0.05112| 0.00474|0.01195| 0.00279|0.02983| 0.00716|0.03905| 0.00852|0.02572| 0.00023|0.77248|0.80216|0.39678|0.40215
 60.0|1.5|0.2|0.2|0.00100|0.00835|0.01858| 4.33169| 3.79462| 4.75083| 3.96451| 4.34454| 3.55447| 2.12051| 1.70190| 0.83798| 0.79322| 1.36817| 1.35150| 1.37908| 1.36974| 0.59215| 0.56288|0.06613| 0.03183|0.13160| 0.07274|0.15146| 0.08540|0.08963| 0.03382|0.02713| 0.01158|0.06342| 0.02908|0.07872| 0.03574|0.04522| 0.01075|1.08259|1.14876|0.54391|0.56273
 60.0|1.5|0.2|0.2|0.00500|0.02819|0.02678| 8.36522| 7.81222| 8.62011| 7.68550| 7.72030| 6.73847| 3.81766| 3.26502| 2.28483| 2.39048| 3.31949| 3.50338| 3.17752| 3.32894| 1.29920| 1.33877|0.29417| 0.23316|0.49089| 0.40983|0.52288| 0.43168|0.26428| 0.19506|0.13684| 0.09617|0.26579| 0.20198|0.29631| 0.22725|0.13598| 0.08273|2.01424|2.24115|0.97951|1.05641
 60.0|1.5|0.2|0.2|0.01000|0.04647|0.03355|10.22334| 9.99690|10.19600| 9.58344| 9.09930| 8.34837| 4.74565| 4.17303| 3.35076| 3.61001| 4.57556| 4.94108| 4.30176| 4.58733| 1.75990| 1.83774|0.47907| 0.40949|0.78600| 0.68277|0.82922| 0.70591|0.39869| 0.32064|0.23120| 0.17639|0.43007| 0.35201|0.47357| 0.38912|0.20475| 0.14507|2.38702|2.70821|1.15974|1.26374
 60.0|1.5|0.2|0.2|0.10000|0.21146|0.08607|14.85898|17.17424|14.24928|15.68468|12.81724|13.59911| 7.80125| 7.47696| 8.07575| 9.23433| 9.08594|10.27044| 8.34447| 9.23594| 3.85942| 4.10328|2.21973| 2.14751|3.14217| 2.89101|3.06547| 2.74084|1.18409| 1.10431|1.15252| 1.07590|1.86344| 1.75294|1.87234| 1.74483|0.60568| 0.56023|3.29379|3.94466|1.72344|1.96760
200.0|0.8|0.1|0.1|0.00001|0.00008|0.00390| 0.30640| 0.19455| 0.52923| 0.29850| 0.55274| 0.30365| 0.25010| 0.12629| 0.00622| 0.00534| 0.01727| 0.01422| 0.02296| 0.01770| 0.01042| 0.00456|0.00016| 0.00015|0.00043| 0.00040|0.00056| 0.00050|0.00022| 0.00014|0.00005| 0.00005|0.00015| 0.00014|0.00019| 0.00017|0.00007| 0.00004|0.08844|0.08539|0.05450|0.05069
200.0|0.8|0.1|0.1|0.00010|0.00040|0.00614| 2.13436| 1.33004| 2.45231| 1.44714| 2.25320| 1.31349| 0.94289| 0.55701| 0.15151| 0.13562| 0.34234| 0.28908| 0.37649| 0.30792| 0.11921| 0.07807|0.00197| 0.00176|0.00508| 0.00432|0.00615| 0.00476|0.00257| 0.00079|0.00068| 0.00061|0.00175| 0.00149|0.00210| 0.00161|0.00089| 0.00026|0.39990|0.39913|0.18794|0.18828
200.0|0.8|0.1|0.1|0.00050|0.00176|0.00839| 4.65941| 2.83363| 4.98459| 2.92175| 4.50744| 2.61226| 2.05509| 1.18546| 0.73784| 0.64621| 1.32706| 1.07644| 1.33377| 1.04491| 0.42784| 0.33034|0.01460| 0.00825|0.03696| 0.01971|0.04539| 0.02156|0.02110| 0.00292|0.00514| 0.00290|0.01370| 0.00701|0.01765| 0.00762|0.00846| 0.00084|0.85005|0.86114|0.38417|0.40010
200.0|0.8|0.1|0.1|0.00100|0.00327|0.00971| 5.49133| 3.41780| 5.69767| 3.46143| 5.13606| 3.08488| 2.55503| 1.44923| 1.20884| 1.03334| 1.97494| 1.51933| 1.93218| 1.43039| 0.63907| 0.48436|0.04475| 0.03012|0.10048| 0.06172|0.11458| 0.06591|0.04797| 0.01759|0.01618| 0.01117|0.04069| 0.02551|0.04965| 0.02818|0.02006| 0.00605|1.25282|1.24409|0.57799|0.59970
200.0|0.8|0.1|0.1|0.00500|0.01431|0.01717| 8.18044| 5.29629| 8.14498| 5.17145| 7.32942| 4.57934| 4.00481| 2.25469| 2.99656| 2.27120| 3.91944| 2.72824| 3.66432| 2.47935| 1.31384| 0.91329|0.36486| 0.27629|0.67231| 0.43946|0.70112| 0.42650|0.23457| 0.13596|0.14556| 0.11498|0.31610| 0.22706|0.34869| 0.23479|0.10151| 0.05717|1.72832|1.70470|0.80137|0.82384
200.0|0.8|0.1|0.1|0.01000|0.02602|0.02309| 9.09261| 5.99098| 8.91455| 5.74793| 7.99222| 5.04454| 4.44094| 2.46463| 3.54458| 2.63057| 4.45465| 3.08508| 4.13381| 2.77210| 1.52688| 1.01630|0.62725| 0.45491|1.04194| 0.63767|1.04042| 0.59343|0.32650| 0.18345|0.26679| 0.20475|0.52814| 0.36019|0.55313| 0.35209|0.14525| 0.08038|1.79205|1.75584|0.81692|0.82335
200.0|0.8|0.1|0.1|0.10000|0.15137|0.05895|11.21456| 7.41541|10.87362| 6.90415| 9.77674| 5.97003| 5.64232| 2.80978| 4.51482| 3.15912| 5.57522| 3.61384| 5.15766| 3.19696| 1.94854| 1.14186|0.95840| 0.58980|1.43826| 0.78011|1.39648| 0.72012|0.42199| 0.23127|0.45648| 0.29168|0.75920| 0.45336|0.75421| 0.43310|0.19407| 0.11524|1.77210|1.79127|0.79083|0.82940
200.0|1.0|0.1|0.1|0.00001|0.00008|0.00393| 0.30382| 0.18429| 0.47505| 0.26830| 0.48656| 0.27014| 0.22570| 0.11599| 0.00703| 0.00531| 0.01952| 0.01394| 0.02608| 0.01706| 0.01269| 0.00401|0.00016| 0.00014|0.00043| 0.00038|0.00056| 0.00047|0.00025| 0.00012|0.00005| 0.00005|0.00015| 0.00013|0.00019| 0.00016|0.00008| 0.00004|0.07396|0.07171|0.04479|0.04172
200.0|1.0|0.1|0.1|0.00010|0.00043|0.00602| 1.90366| 1.20591| 2.19784| 1.32074| 2.01220| 1.19206| 0.81568| 0.47994| 0.14491| 0.12338| 0.31730| 0.26032| 0.34402| 0.27528| 0.10972| 0.06617|0.00209| 0.00154|0.00552| 0.00373|0.00695| 0.00401|0.00358| 0.00046|0.00072| 0.00053|0.00192| 0.00129|0.00245| 0.00137|0.00136| 0.00016|0.36582|0.36830|0.16368|0.16531
200.0|1.0|0.1|0.1|0.00050|0.00182|0.00800| 4.19772| 2.60845| 4.46759| 2.69670| 3.99497| 2.39171| 1.73742| 1.01727| 0.64485| 0.56052| 1.14817| 0.93725| 1.14682| 0.90507| 0.35671| 0.26954|0.01817| 0.00847|0.04273| 0.01927|0.05008| 0.02031|0.02281| 0.00204|0.00656| 0.00299|0.01697| 0.00701|0.02129| 0.00735|0.00991| 0.00038|0.83681|0.85272|0.35677|0.37708
200.0|1.0|0.1|0.1|0.00100|0.00343|0.00912| 4.94218| 3.17112| 5.17540| 3.25396| 4.64092| 2.89350| 2.21449| 1.28770| 1.05693| 0.90270| 1.72686| 1.34137| 1.68404| 1.26203| 0.53894| 0.40544|0.04661| 0.02780|0.09837| 0.05638|0.10970| 0.05965|0.04612| 0.01524|0.01755| 0.01032|0.04255| 0.02343|0.05079| 0.02569|0.02048| 0.00505|1.21924|1.21932|0.54895|0.57627
200.0|1.0|0.1|0.1|0.00500|0.01435|0.01561| 7.51703| 4.98034| 7.48810| 4.89210| 6.68828| 4.31448| 3.49913| 2.01492| 2.58320| 1.98552| 3.44283| 2.44133| 3.21296| 2.21500| 1.09802| 0.76530|0.29164| 0.21161|0.52197| 0.33350|0.54128| 0.32248|0.18591| 0.10195|0.12085| 0.08856|0.25208| 0.17264|0.27514| 0.17721|0.08298| 0.04281|1.68491|1.67209|0.74362|0.77922
200.0|1.0|0.1|0.1|0.01000|0.02557|0.02071| 8.54016| 5.73925| 8.34855| 5.51770| 7.42710| 4.82394| 3.97910| 2.26443| 3.10097| 2.35694| 3.99495| 2.83156| 3.69634| 2.53839| 1.26702| 0.85908|0.54410| 0.38978|0.89874| 0.54759|0.89400| 0.50801|0.27223| 0.15151|0.23417| 0.17418|0.45508| 0.30663|0.47335| 0.29899|0.12155| 0.06526|1.70480|1.69634|0.73978|0.76046
200.0|1.0|0.1|0.1|0.10000|0.13648|0.05369|10.79315| 7.45705|10.38519| 6.90357| 9.25574| 5.93115| 5.22848| 2.69534| 4.30792| 3.09272| 5.33804| 3.54987| 4.90860| 3.11732| 1.74527| 1.04231|0.86020| 0.53179|1.28795| 0.70143|1.24543| 0.64291|0.36881| 0.19844|0.40765| 0.26131|0.67966| 0.40545|0.67325| 0.38466|0.17015| 0.09830|1.70767|1.72945|0.72463|0.76237
200.0|1.5|0.1|0.1|0.00001|0.00013|0.00410| 0.22929| 0.13102| 0.31907| 0.17944| 0.31833| 0.17505| 0.15212| 0.06731| 0.00827| 0.00399| 0.02211| 0.00987| 0.02903| 0.01113| 0.01616| 0.00035|0.00019| 0.00010|0.00057| 0.00026|0.00083| 0.00030|0.00072| 0.00003|0.00007| 0.00003|0.00020| 0.00009|0.00030| 0.00010|0.00027| 0.00001|0.04296|0.04097|0.02409|0.02155
200.0|1.5|0.1|0.1|0.00010|0.00063|0.00555| 1.09699| 0.72509| 1.27313| 0.80999| 1.16108| 0.72597| 0.45661| 0.26495| 0.10060| 0.06998| 0.20081| 0.14770| 0.21358| 0.15525| 0.07763| 0.03446|0.00306| 0.00065|0.00739| 0.00135|0.00917| 0.00109|0.00563|-0.00048|0.00112| 0.00023|0.00301| 0.00049|0.00404| 0.00038|0.00267|-0.00015|0.23369|0.23897|0.09923|0.10071
200.0|1.5|0.1|0.1|0.00050|0.01570|0.01226| 4.73042| 3.47536| 4.80215| 3.47384| 4.22690| 3.04134| 2.04321| 1.30038| 1.46523| 1.19259| 1.98124| 1.53786| 1.84792| 1.40019| 0.61398| 0.45281|0.21242| 0.14284|0.34893| 0.21782|0.35320| 0.20770|0.12362| 0.06320|0.09670| 0.06017|0.18061| 0.11461|0.19040| 0.11581|0.05833| 0.02560|1.22825|1.25415|0.51833|0.55168
200.0|1.5|0.1|0.1|0.00100|0.00381|0.00752| 3.02354| 2.08554| 3.25532| 2.22118| 2.90130| 1.96662| 1.28884| 0.78543| 0.62003| 0.51894| 1.01008| 0.79447| 0.98282| 0.74926| 0.30548| 0.22000|0.03806| 0.01441|0.07135| 0.03223|0.07780| 0.03431|0.03418| 0.00723|0.01611| 0.00481|0.03443| 0.01206|0.03942| 0.01348|0.01643| 0.00177|0.88847|0.89977|0.39629|0.41759
200.0|1.5|0.1|0.1|0.00500|0.01287|0.01156| 5.32416| 3.65120| 5.38081| 3.64801| 4.73534| 3.21184| 2.25910| 1.37198| 1.55658| 1.23531| 2.16381| 1.60758| 2.01928| 1.46159| 0.63569| 0.44944|0.18140| 0.11922|0.31005| 0.18788|0.31832| 0.18100|0.10878| 0.05316|0.07961| 0.04912|0.15500| 0.09612|0.16595| 0.09808|0.04982| 0.02087|1.39354|1.38463|0.58964|0.62189
200.0|1.5|0.1|0.1|0.01000|0.02099|0.01482| 6.35119| 4.45517| 6.22396| 4.35258| 5.44409| 3.78413| 2.65826| 1.59516| 2.01094| 1.57177| 2.67077| 1.96841| 2.46376| 1.76182| 0.78984| 0.54380|0.30668| 0.21122|0.50211| 0.30884|0.49974| 0.28835|0.15327| 0.07990|0.13681| 0.09176|0.25541| 0.16523|0.26384| 0.16171|0.06940| 0.03287|1.41731|1.41436|0.56711|0.59640
200.0|1.5|0.1|0.1|0.10000|0.09017|0.03758| 9.10646| 6.66773| 8.73053| 6.24821| 7.66649| 5.32520| 3.97918| 2.18356| 3.14646| 2.37126| 4.06735| 2.86108| 3.71882| 2.50291| 1.17393| 0.71463|0.52538| 0.32684|0.80063| 0.44332|0.77692| 0.40532|0.22851| 0.11725|0.24668| 0.15560|0.41720| 0.24792|0.41512| 0.23499|0.10504| 0.05576|1.63942|1.65422|0.63349|0.67295
200.0|0.8|0.2|0.1|0.00001|0.00009|0.00500| 0.14871| 0.10034| 0.32044| 0.21031| 0.37482| 0.23877| 0.21235| 0.10256| 0.00306| 0.00245| 0.00910| 0.00697| 0.01325| 0.00943| 0.00846| 0.00324|0.00007| 0.00006|0.00021| 0.00019|0.00030| 0.00025|0.00017| 0.00010|0.00003| 0.00002|0.00007| 0.00006|0.00010| 0.00009|0.00006| 0.00003|0.08337|0.07882|0.05928|0.05283
200.0|0.8|0.2|0.1|0.00010|0.00051|0.01038| 2.02747| 1.60247| 2.38067| 1.77990| 2.21054| 1.63006| 0.95570| 0.71652| 0.14457| 0.13411| 0.33811| 0.30547| 0.38308| 0.33874| 0.13213| 0.08816|0.00176| 0.00155|0.00467| 0.00390|0.00588| 0.00443|0.00289| 0.00080|0.00061| 0.00054|0.00161| 0.00134|0.00201| 0.00150|0.00099| 0.00026|0.51388|0.51800|0.25652|0.25532
200.0|0.8|0.2|0.1|0.00050|0.00219|0.01458| 4.70929| 3.83092| 5.01013| 3.89309| 4.49122| 3.44181| 2.02015| 1.57487| 0.77657| 0.74040| 1.38475| 1.32417| 1.38549| 1.32036| 0.48200| 0.42980|0.01423| 0.00812|0.03749| 0.02011|0.04821| 0.02275|0.02717| 0.00332|0.00495| 0.00284|0.01361| 0.00698|0.01833| 0.00776|0.01086| 0.00091|1.06197|1.11523|0.48175|0.50165
200.0|0.8|0.2|0.1|0.00100|0.00412|0.01671| 6.18604| 5.11287| 6.39421| 5.05494| 5.68867| 4.42943| 2.63298| 2.08043| 1.33124| 1.29838| 2.15510| 2.08842| 2.09635| 2.01355| 0.74288| 0.69494|0.05120| 0.03773|0.12122| 0.08439|0.14324| 0.09440|0.06687| 0.02700|0.01830| 0.01358|0.04768| 0.03283|0.06035| 0.03787|0.02814| 0.00911|1.31492|1.40879|0.58884|0.62172
200.0|0.8|0.2|0.1|0.00500|0.01884|0.02657| 9.34223| 8.49979| 9.25055| 8.13263| 8.23431| 7.10254| 4.41353| 3.58054| 3.46048| 3.48369| 4.57443| 4.51406| 4.28727| 4.14796| 1.69046| 1.62510|0.38865| 0.32724|0.72514| 0.58454|0.77745| 0.60472|0.31848| 0.22507|0.15758| 0.13087|0.34905| 0.27983|0.39746| 0.30918|0.14590| 0.09109|2.18730|2.44398|1.00936|1.10417
200.0|0.8|0.2|0.1|0.01000|0.03513|0.03494|10.54861| 9.97018|10.31196| 9.43634| 9.20556| 8.22922| 5.14174| 4.20734| 4.61755| 4.68678| 5.69836| 5.61525| 5.29215| 5.09129| 2.15486| 2.04816|0.77539| 0.65904|1.31297| 1.05000|1.34622| 1.03702|0.50733| 0.37691|0.33286| 0.27900|0.67581| 0.54797|0.73187| 0.57755|0.23629| 0.15971|2.57331|2.96042|1.20526|1.35018
200.0|0.8|0.2|0.1|0.10000|0.22612|0.09210|13.30969|13.33711|12.63051|12.22698|11.25411|10.56160| 6.73764| 5.37661| 7.08379| 7.06573| 8.00931| 7.65218| 7.33338| 6.81177| 3.21019| 2.93762|2.17419| 1.97175|2.97417| 2.49980|2.83770| 2.29970|0.98071| 0.83436|1.13582| 1.00789|1.76863| 1.55755|1.72533| 1.49335|0.48445| 0.41679|2.62785|3.22584|1.21294|1.47939
200.0|1.0|0.2|0.1|0.00001|0.00010|0.00574| 0.19115| 0.12258| 0.34127| 0.22305| 0.37246| 0.23820| 0.19874| 0.09758| 0.00429| 0.00299| 0.01259| 0.00828| 0.01812| 0.01077| 0.01153| 0.00287|0.00009| 0.00007|0.00026| 0.00021|0.00037| 0.00028|0.00022| 0.00009|0.00003| 0.00003|0.00009| 0.00007|0.00013| 0.00009|0.00007| 0.00003|0.07663|0.07235|0.05093|0.04509
200.0|1.0|0.2|0.1|0.00010|0.00055|0.01055| 1.79422| 1.44981| 2.09992| 1.61192| 1.93588| 1.46529| 0.80483| 0.61028| 0.13965| 0.12345| 0.31665| 0.27683| 0.35140| 0.30246| 0.12456| 0.07488|0.00194| 0.00138|0.00527| 0.00338|0.00695| 0.00368|0.00449| 0.00040|0.00067| 0.00048|0.00182| 0.00116|0.00243| 0.00125|0.00167| 0.00014|0.45442|0.46169|0.21346|0.21343
200.0|1.0|0.2|0.1|0.00050|0.00233|0.01412| 4.27107| 3.55904| 4.57351| 3.64937| 4.06326| 3.20541| 1.68342| 1.34768| 0.70233| 0.66492| 1.22816| 1.18048| 1.21349| 1.16319| 0.40723| 0.35604|0.01743| 0.00851|0.04374| 0.02055|0.05429| 0.02262|0.03003| 0.00233|0.00618| 0.00297|0.01675| 0.00719|0.02230| 0.00780|0.01308| 0.00047|0.98714|1.04991|0.41648|0.44009
200.0|1.0|0.2|0.1|0.00100|0.00443|0.01627| 5.70408| 4.85180| 5.92331| 4.83508| 5.21920| 4.21203| 2.27548| 1.84068| 1.20421| 1.17570| 1.94253| 1.89781| 1.87374| 1.81618| 0.63716| 0.59177|0.05684| 0.03843|0.12575| 0.08194|0.14328| 0.08927|0.06615| 0.02401|0.02082| 0.01398|0.05243| 0.03279|0.06463| 0.03690|0.02960| 0.00791|1.29032|1.39722|0.53014|0.57054
200.0|1.0|0.2|0.1|0.00500|0.01919|0.02468| 8.80018| 8.28235| 8.67969| 7.95788| 7.66536| 6.92559| 3.94352| 3.31171| 3.17532| 3.23012| 4.23493| 4.25100| 3.94362| 3.88730| 1.43870| 1.39307|0.33637| 0.27583|0.61127| 0.48934|0.64889| 0.50214|0.26258| 0.18039|0.14055| 0.11051|0.30029| 0.23421|0.33695| 0.25647|0.12316| 0.07277|2.23407|2.53494|0.97343|1.09223
200.0|1.0|0.2|0.1|0.01000|0.03527|0.03236|10.05015| 9.82439| 9.76973| 9.32285| 8.66898| 8.11120| 4.72382| 4.00367| 4.34883| 4.46058| 5.40793| 5.42378| 5.00149| 4.90668| 1.91671| 1.83997|0.68366| 0.57690|1.15220| 0.92124|1.17840| 0.90724|0.43383| 0.31965|0.29924| 0.24443|0.59316| 0.47737|0.63764| 0.50076|0.20457| 0.13569|2.60732|3.08160|1.18183|1.36368
200.0|1.0|0.2|0.1|0.10000|0.20646|0.08515|12.93447|13.49206|12.16159|12.33342|10.75438|10.61170| 6.37800| 5.25885| 6.89061| 6.98085| 7.81391| 7.61754| 7.12033| 6.75100| 2.97424| 2.73933|1.93514| 1.75492|2.69940| 2.27336|2.57547| 2.08980|0.85695| 0.71727|0.99092| 0.88008|1.57065| 1.37924|1.53463| 1.32159|0.41864| 0.35367|2.59202|3.18861|1.15185|1.39951
200.0|1.5|0.2|0.1|0.00001|0.00015|0.00602| 0.20164| 0.12630| 0.28514| 0.18328| 0.28404| 0.17698| 0.14012| 0.05856| 0.00701| 0.00313| 0.01920| 0.00783| 0.02581| 0.00874| 0.01581|-0.00020|0.00017| 0.00008|0.00051| 0.00021|0.00077| 0.00024|0.00081| 0.00002|0.00006| 0.00003|0.00017| 0.00007|0.00027| 0.00008|0.00030| 0.00001|0.04676|0.04260|0.02762|0.02256
200.0|1.5|0.2|0.1|0.00010|0.00080|0.01006| 1.06697| 0.91438| 1.23278| 1.00593| 1.12301| 0.89890| 0.45765| 0.34009| 0.10596| 0.07672| 0.21621| 0.16826| 0.23128| 0.17927| 0.08939| 0.03531|0.00315| 0.00060|0.00800| 0.00119|0.01039| 0.00075|0.00760|-0.00094|0.00112| 0.00022|0.00315| 0.00044|0.00447| 0.00030|0.00363|-0.00028|0.26162|0.26772|0.11228|0.11175
200.0|1.5|0.2|0.1|0.00050|0.00287|0.01276| 2.79660| 2.48586| 3.07949| 2.63164| 2.70803| 2.29115| 1.01067| 0.83599| 0.43442| 0.39271| 0.74681| 0.71037| 0.73376| 0.69778| 0.24480| 0.19407|0.02171| 0.00595|0.04606| 0.01391|0.05291| 0.01448|0.02825|-0.00133|0.00850| 0.00206|0.02071| 0.00471|0.02569| 0.00456|0.01389|-0.00112|0.74270|0.79643|0.28378|0.30268
200.0|1.5|0.2|0.1|0.00100|0.00495|0.01417| 3.94638| 3.54911| 4.22610| 3.67400| 3.69189| 3.19247| 1.42522| 1.21201| 0.73706| 0.70457| 1.20613| 1.18462| 1.15883| 1.13550| 0.37154| 0.33029|0.04802| 0.02278|0.09368| 0.04957|0.10283| 0.05337|0.04886| 0.01084|0.01950| 0.00814|0.04420| 0.01909|0.05188| 0.02098|0.02399| 0.00263|1.11737|1.21694|0.43513|0.47466
200.0|1.5|0.2|0.1|0.00500|0.01740|0.01972| 6.79801| 6.70773| 6.79106| 6.58292| 5.91903| 5.71698| 2.77268| 2.46951| 2.15034| 2.20136| 2.99802| 3.08162| 2.78575| 2.82648| 0.88703| 0.86913|0.21045| 0.15767|0.36693| 0.28375|0.38538| 0.28990|0.15746| 0.09771|0.09417| 0.06198|0.18636| 0.13302|0.20533| 0.14514|0.07658| 0.03738|2.11233|2.39963|0.87167|0.99492
200.0|1.5|0.2|0.1|0.01000|0.02874|0.02419| 8.22389| 8.41882| 7.97921| 8.08134| 6.95717| 6.99567| 3.47146| 3.14125| 3.08737| 3.22242| 4.00913| 4.16077| 3.67677| 3.75237| 1.18236| 1.16397|0.39495| 0.32063|0.64794| 0.51824|0.65517| 0.50704|0.23860| 0.16567|0.18046| 0.13365|0.33905| 0.26247|0.35835| 0.27318|0.11623| 0.06842|2.37268|2.76896|0.97370|1.13029
200.0|1.5|0.2|0.1|0.10000|0.13789|0.06072|11.51249|12.93591|10.72657|11.84357| 9.33014|10.11799| 5.24979| 4.68964| 5.72517| 6.00548| 6.66143| 6.80986| 6.02775| 6.00450| 2.22696| 2.09103|1.28854| 1.17618|1.90440| 1.61429|1.83008| 1.48752|0.54918| 0.44569|0.63447| 0.56089|1.04191| 0.91457|1.02423| 0.87782|0.26431| 0.21078|2.50888|3.02168|1.01108|1.20067
200.0|0.8|0.2|0.2|0.00001|0.00009|0.00440| 0.09245| 0.05261| 0.22639| 0.13034| 0.29770| 0.16802| 0.22593| 0.09878| 0.00174| 0.00122| 0.00552| 0.00372| 0.00883| 0.00554| 0.00793| 0.00300|0.00004| 0.00004|0.00013| 0.00011|0.00020| 0.00016|0.00016| 0.00010|0.00001| 0.00001|0.00004| 0.00004|0.00007| 0.00006|0.00005| 0.00003|0.06758|0.06330|0.05699|0.05071
200.0|0.8|0.2|0.2|0.00010|0.00058|0.00974| 2.32445| 1.60918| 2.85468| 1.83841| 2.74315| 1.73715| 1.36178| 0.88623| 0.12489| 0.11520| 0.31495| 0.27928| 0.38410| 0.33024| 0.16249| 0.11292|0.00154| 0.00144|0.00419| 0.00379|0.00546| 0.00461|0.00276| 0.00127|0.00053| 0.00050|0.00144| 0.00130|0.00186| 0.00156|0.00094| 0.00041|0.60712|0.59788|0.37331|0.36476
200.0|0.8|0.2|0.2|0.00050|0.00261|0.01420| 5.50374| 3.98983| 6.07799| 4.18884| 5.67259| 3.83159| 2.96913| 2.01015| 0.81450| 0.75669| 1.54601| 1.40098| 1.62033| 1.45444| 0.65247| 0.56761|0.01231| 0.00672|0.03385| 0.01743|0.04578| 0.02082|0.02940| 0.00391|0.00428| 0.00235|0.01218| 0.00600|0.01714| 0.00699|0.01171| 0.00108|1.37270|1.39736|0.80737|0.81531
200.0|0.8|0.2|0.2|0.00100|0.00494|0.01686| 7.27466| 5.39979| 7.80358| 5.51244| 7.24204| 4.99360| 3.94520| 2.68705| 1.44032| 1.34681| 2.42671| 2.21629| 2.46753| 2.22049| 1.02924| 0.92573|0.04420| 0.03085|0.11207| 0.07485|0.14205| 0.09062|0.07979| 0.03503|0.01569| 0.01102|0.04328| 0.02843|0.05871| 0.03549|0.03362| 0.01210|1.76597|1.82662|1.04277|1.06051
200.0|0.8|0.2|0.2|0.00500|0.02271|0.02930|11.88936| 9.45259|12.10858| 9.12159|11.13700| 8.10050| 6.48604| 4.55414| 3.89569| 3.76291| 5.43756| 5.04982| 5.24608| 4.75391| 2.36456| 2.14576|0.45382| 0.38304|0.84822| 0.68474|0.92685| 0.72309|0.44036| 0.31735|0.18387| 0.15496|0.41554| 0.33414|0.48474| 0.37809|0.20460| 0.13452|2.62375|2.80984|1.56649|1.60860
200.0|0.8|0.2|0.2|0.01000|0.04235|0.03995|13.50987|11.21320|13.54624|10.62095|12.45794| 9.38151| 7.52337| 5.33941| 5.29458| 5.16035| 6.82461| 6.37834| 6.48801| 5.89128| 3.01407| 2.72544|0.86159| 0.72855|1.49993| 1.18399|1.58695| 1.20374|0.69674| 0.51566|0.37115| 0.31178|0.77477| 0.62259|0.86771| 0.67705|0.33088| 0.22848|2.85730|3.08661|1.72672|1.77512
200.0|0.8|0.2|0.2|0.10000|0.28280|0.11645|17.32585|15.93029|16.96353|14.54210|15.61808|12.72650|10.14407| 7.33383| 9.48484| 9.26535|10.55700| 9.81417| 9.82666| 8.83158| 4.98995| 4.40422|3.30443| 2.91921|4.48295| 3.64362|4.31908| 3.37901|1.64418| 1.36790|1.75187| 1.52621|2.74462| 2.34659|2.70761| 2.27145|0.82004| 0.69733|3.44942|4.00721|2.06720|2.35435
200.0|1.0|0.2|0.2|0.00001|0.00010|0.00525| 0.12376| 0.06343| 0.26179| 0.14433| 0.32343| 0.17801| 0.23167| 0.09985| 0.00249| 0.00147| 0.00786| 0.00440| 0.01253| 0.00639| 0.01134| 0.00285|0.00005| 0.00004|0.00015| 0.00012|0.00023| 0.00018|0.00019| 0.00009|0.00002| 0.00001|0.00005| 0.00004|0.00008| 0.00006|0.00006| 0.00003|0.06786|0.06254|0.05564|0.04825
200.0|1.0|0.2|0.2|0.00010|0.00061|0.00993| 2.05847| 1.45286| 2.55369| 1.68144| 2.45322| 1.58736| 1.21138| 0.78831| 0.11984| 0.10452| 0.29744| 0.25277| 0.36024| 0.29912| 0.16046| 0.10372|0.00160| 0.00124|0.00450| 0.00326|0.00618| 0.00394|0.00424| 0.00096|0.00055| 0.00043|0.00155| 0.00112|0.00215| 0.00134|0.00156| 0.00032|0.54585|0.54088|0.32360|0.31696
200.0|1.0|0.2|0.2|0.00050|0.00276|0.01398| 5.16369| 3.79323| 5.72348| 4.00602| 5.30520| 3.64168| 2.64977| 1.81158| 0.73804| 0.67772| 1.38833| 1.26190| 1.44943| 1.30663| 0.57628| 0.49524|0.01548| 0.00656|0.04066| 0.01696|0.05330| 0.02009|0.03443| 0.00324|0.00546| 0.00229|0.01542| 0.00580|0.02164| 0.00667|0.01500| 0.00067|1.27800|1.31500|0.71127|0.72443
200.0|1.0|0.2|0.2|0.00100|0.00530|0.01647| 6.90511| 5.20701| 7.43402| 5.34687| 6.83959| 4.81335| 3.51463| 2.43301| 1.31694| 1.23189| 2.21675| 2.03936| 2.23802| 2.03061| 0.89731| 0.80296|0.05021| 0.03183|0.12005| 0.07461|0.14715| 0.08831|0.08245| 0.03351|0.01821| 0.01145|0.04888| 0.02897|0.06491| 0.03557|0.03691| 0.01148|1.69884|1.77735|0.93978|0.96833
200.0|1.0|0.2|0.2|0.00500|0.02330|0.02761|11.66428| 9.47797|11.74709| 9.09028|10.70838| 8.01392| 6.02529| 4.32461| 3.68689| 3.59730| 5.21339| 4.90875| 4.99252| 4.58988| 2.10346| 1.91644|0.40014| 0.33014|0.73148| 0.58605|0.79476| 0.61523|0.37544| 0.26532|0.16675| 0.13445|0.36484| 0.28652|0.42012| 0.32173|0.17840| 0.11312|2.53783|2.76339|1.43893|1.49855
200.0|1.0|0.2|0.2|0.01000|0.04288|0.03736|13.25795|11.38528|13.17111|10.75360|12.04025| 9.45860| 7.17183| 5.22537| 5.13547| 5.05462| 6.68852| 6.34495| 6.32690| 5.83648| 2.77324| 2.52561|0.75263| 0.63197|1.31311| 1.03849|1.39085| 1.05621|0.60794| 0.44561|0.32901| 0.26929|0.67586| 0.53907|0.75524| 0.58628|0.29129| 0.19829|2.82770|3.11061|1.64065|1.71098
200.0|1.0|0.2|0.2|0.10000|0.25935|0.10872|17.35473|16.48678|16.98853|15.02394|15.63500|13.13698|10.05904| 7.51191| 9.66169| 9.61648|10.68023|10.16600| 9.91820| 9.12896| 4.99755| 4.45696|3.26034| 2.88861|4.50969| 3.66616|4.34683| 3.39639|1.58675| 1.30618|1.68486| 1.47678|2.70336| 2.31413|2.67564| 2.23986|0.77700| 0.65116|3.44373|3.95648|2.07829|2.32350
200.0|1.5|0.2|0.2|0.00001|0.00015|0.00596| 0.15691| 0.07062| 0.26590| 0.13607| 0.30079| 0.15366| 0.20735| 0.07989| 0.00466| 0.00142| 0.01396| 0.00397| 0.02119| 0.00523| 0.01867| 0.00051|0.00010| 0.00004|0.00033| 0.00012|0.00056| 0.00016|0.00070| 0.00005|0.00004| 0.00001|0.00012| 0.00004|0.00020| 0.00006|0.00026| 0.00002|0.04673|0.04202|0.03687|0.03061
200.0|1.5|0.2|0.2|0.00010|0.00087|0.00981| 1.37498| 1.00684| 1.71584| 1.17571| 1.64982| 1.10527| 0.81394| 0.52499| 0.09512| 0.06655| 0.21951| 0.16293| 0.26094| 0.19420| 0.12844| 0.06548|0.00266| 0.00066|0.00708| 0.00157|0.00969| 0.00161|0.00796|-0.00031|0.00095| 0.00024|0.00276| 0.00057|0.00409| 0.00059|0.00376|-0.00007|0.33800|0.33820|0.18956|0.18538
200.0|1.5|0.2|0.2|0.00050|0.00335|0.01292| 3.63984| 2.76657| 4.15128| 3.01092| 3.82051| 2.71904| 1.73380| 1.20943| 0.48390| 0.42211| 0.89609| 0.80540| 0.93424| 0.83724| 0.37585| 0.30393|0.02024| 0.00473|0.04571| 0.01210|0.05603| 0.01412|0.03617| 0.00074|0.00774| 0.00162|0.01997| 0.00401|0.02657| 0.00437|0.01770|-0.00062|0.93126|0.96985|0.46421|0.47770
200.0|1.5|0.2|0.2|0.00100|0.00594|0.01476| 5.19424| 4.03766| 5.72541| 4.25814| 5.20230| 3.80014| 2.35173| 1.67892| 0.87453| 0.80506| 1.49191| 1.38091| 1.49894| 1.37500| 0.57452| 0.50036|0.04832| 0.02215|0.10154| 0.05135|0.11846| 0.05945|0.06743| 0.02014|0.01908| 0.00795|0.04641| 0.01990|0.05843| 0.02392|0.03295| 0.00613|1.30847|1.39006|0.63685|0.67006
200.0|1.5|0.2|0.2|0.00500|0.02163|0.02234|10.15361| 8.48578|10.15315| 8.16986| 9.07491| 7.12133| 4.58665| 3.41506| 2.72664| 2.69436| 4.04663| 3.89268| 3.83852| 3.61765| 1.39762| 1.28103|0.25395| 0.19418|0.44557| 0.34573|0.47822| 0.35968|0.22832| 0.14830|0.11265| 0.07883|0.22966| 0.16700|0.25898| 0.18562|0.11331| 0.06233|2.23512|2.48961|1.10108|1.18288
200.0|1.5|0.2|0.2|0.01000|0.03667|0.02899|11.77547|10.54419|11.59580| 9.99240|10.44412| 8.72485| 5.82000| 4.45580| 4.02455| 4.02138| 5.52406| 5.38597| 5.19014| 4.94402| 1.97166| 1.82013|0.44631| 0.36124|0.76361| 0.59953|0.80969| 0.61052|0.35959| 0.25135|0.20538| 0.15400|0.39956| 0.30651|0.44289| 0.33286|0.17746| 0.11158|2.54646|2.90348|1.32925|1.43874
200.0|1.5|0.2|0.2|0.10000|0.18614|0.08368|16.38144|16.31512|16.00999|14.89931|14.65897|13.00450| 9.07860| 7.20976| 8.91881| 9.18206| 9.96416| 9.87304| 9.21042| 8.84111| 4.32340| 3.96347|2.51364| 2.21463|3.66717| 2.97656|3.55333| 2.77035|1.19314| 0.95026|1.23706| 1.07465|2.08163| 1.76318|2.07872| 1.71659|0.57311| 0.45679|3.42845|3.87007|2.02937|2.19660
