Source   2MASS/SSTc2d   EDR3_Dist_PPVII (pc)   FluxCO (mJy km/s)   eFluxCO Trapman? Binary?
J15354856-2958551 J15354856-2958551  87.84     55.0  34.0 0 1
J15514032-2146103 J15514032-2146103 140.84     87.0  38.0 0 0
J15521088-2125372 J15521088-2125372 154.94    285.0  45.0 0 0
J15530132-2114135 J15530132-2114135 143.04    160.0  28.0 0 0
J15534211-2049282 J15534211-2049282 142       511.0  59.0 1 1
J15551704-2322165 J15551704-2322165 142         5.0  37.0 0 1
J15554883-2512240 J15554883-2512240 143.57    -14.0  44.0 0 0
J15562477-2225552 J15562477-2225552 142.38    133.0  19.0 0 0
J15570641-2206060 J15570641-2206060 145.33     -9.0  23.0 0 0
J15572986-2258438 J15572986-2258438 142        56.0  36.0 0 1
J15581270-2328364 J15581270-2328364 145.70     30.0  37.0 0 0
J15582981-2310077 J15582981-2310077 141.13     56.0  23.0 0 0
J15583692-2257153 J15583692-2257153 167.34   4607.0  75.0 0 0
J15584772-1757595 J15584772-1757595 138.21    -75.0  30.0 0 0
J16001330-2418106 J16001330-2418106 146.57    -32.0  40.0 0 0
J16001730-2236504 J16001730-2236504 145.10    -35.0  33.0 0 1
J16001844-2230114 J16001844-2230114 142      1835.0  69.0 1 1
J16014086-2258103 J16014086-2258103 135.85    507.0  39.0 0 1
J16014157-2111380 J16014157-2111380 141.56      9.0  35.0 0 0
J16020039-2221237 J16020039-2221237 141.58     60.0  27.0 0 0
J16020287-2236139 J16020287-2236139 142       -30.0  32.0 0 0
J16020757-2257467 J16020757-2257467 140.68    632.0  63.0 1 0
J16024152-2138245 J16024152-2138245 140.54     40.0  26.0 0 0
J16025123-2401574 J16025123-2401574 145.03    -24.0  30.0 0 0
J16030161-2207523 J16030161-2207523 140.36     55.0  25.0 0 0
J16031329-2112569 J16031329-2112569 137.61    -12.0  25.0 0 0
J16032225-2413111 J16032225-2413111 140.05     40.0  17.0 0 0
J16035767-2031055 J16035767-2031055 142.86    180.0  26.0 1 0
J16035793-1942108 J16035793-1942108 154.19   1490.0 158.0 1 0
J16041740-1942287 J16041740-1942287 154.10     67.0  44.0 0 0
J16042165-2130284 J16042165-2130284 145.31  20268.0  67.0 0 0
J16043916-1942459 J16043916-1942459 150.94    -31.0  37.0 0 1
J16050231-1941554 J16050231-1941554 154.35    -14.0  41.0 0 0
J16052459-1954419 J16052459-1954419 152.48    -43.0  34.0 0 0
J16052556-2035397 J16052556-2035397 142         8.0  31.0 0 1
J16052661-1957050 J16052661-1957050 142       111.0  37.0 0 1 #borderline
J16053215-1933159 J16053215-1933159 152.33      2.0  25.0 0 0
J16054540-2023088 J16054540-2023088 138.72    101.0  39.0 0 0
J16055863-1949029 J16055863-1949029 152.15    -59.0  37.0 0 0
J16060061-1957114 J16060061-1957114 142         3.0  31.0 0 1
J16061330-2212537 J16061330-2212537 140.29    -13.0  31.0 0 0
J16062196-1928445 J16062196-1928445 142        23.0  50.0 0 1
J16062277-2011243 J16062277-2011243 153.48    151.0  27.0 0 0
J16063539-2516510 J16063539-2516510 138.74     48.0  31.0 0 0
J16064102-2455489 J16064102-2455489 152.90     14.0  31.0 0 0
J16064115-2517044 J16064115-2517044 152.09    -46.0  23.0 0 0
J16064385-1908056 J16064385-1908056 142        60.0  29.0 0 0
J16070014-2033092 J16070014-2033092 139.30     16.0  44.0 0 0
J16070211-2019387 J16070211-2019387 146.68     45.0  24.0 0 1
J16070873-1927341 J16070873-1927341 149.13     53.0  45.0 0 1
J16071971-2020555 J16071971-2020555 156.28     18.0  36.0 0 0
J16072625-2432079 J16072625-2432079 144.57    171.0  49.0 0 0
J16072747-2059442 J16072747-2059442 142        34.0  48.0 0 1
J16073939-1917472 J16073939-1917472 139.64    -18.0  42.0 0 0
J16075796-2040087 J16075796-2040087 142      3258.0  73.0 1 1
J16080555-2218070 J16080555-2218070 144.49     17.0  33.0 0 1
J16081566-2222199 J16081566-2222199 139.61    191.0  31.0 0 0
J16082324-1930009 J16082324-1930009 137.82    246.0  42.0 1 0
J16082751-1949047 J16082751-1949047 142        21.0  35.0 0 1
J16083455-2211559 J16083455-2211559 139.06     23.0  28.0 0 0
J16084894-2400045 J16084894-2400045 144.82     -8.0  23.0 0 0
J16090002-1908368 J16090002-1908368 136.94     35.0  16.0 0 0
J16090075-1908526 J16090075-1908526 137.40    815.0  64.0 0 0
J16093558-1828232 J16093558-1828232 159.12     55.0  38.0 0 0
J16094098-2217594 J16094098-2217594 145.26    -15.0  37.0 0 0
J16095361-1754474 J16095361-1754474 158.61     60.0  44.0 0 0
J16095441-1906551 J16095441-1906551 138.53     56.0  34.0 0 0
J16095933-1800090 J16095933-1800090 136.45    460.0  91.0 0 0
J16101473-1919095 J16101473-1919095 139.03     -4.0  18.0 0 0
J16101888-2502325 J16101888-2502325 153.93     63.0  30.0 0 0
J16102174-1904067 J16102174-1904067 134.58     -7.0  32.0 0 0
J16102819-1910444 J16102819-1910444 151.70    -18.0  30.0 0 0
J16102857-1904469 J16102857-1904469 142       -86.0  30.0 0 1
J16103956-1916524 J16103956-1916524 156.22     63.0  26.0 0 0
J16104202-2101319 J16104202-2101319 140.54     20.0  19.0 0 0
J16104636-1840598 J16104636-1840598 141.38    216.0  40.0 0 0
J16111330-2019029 J16111330-2019029 153.89     59.0  29.0 0 0
J16111534-1757214 J16111534-1757214 135.78     97.0  39.0 0 0
J16112057-1820549 J16112057-1820549 136.23     -2.0  33.0 0 0
J16113134-1838259 J16113134-1838259 142     22748.0  91.0 0 1
J16115091-2012098 J16115091-2012098 140.85    235.0  45.0 0 0
J16122737-2009596 J16122737-2009596 143.05     55.0  38.0 0 0
J16123916-1859284 J16123916-1859284 135.46   1554.0 125.0 1 0
J16124893-1800525 J16124893-1800525 153.39     24.0  31.0 0 0
J16125533-2319456 J16125533-2319456 153.36     31.0  25.0 0 0
J16130996-1904269 J16130996-1904269 136.52     60.0  31.0 0 0
J16133650-2503473 J16133650-2503473 142        21.0  41.0 0 1
J16135434-2320342 J16135434-2320342 142       110.0  29.0 0 1
J16141107-2305362 J16141107-2305362 142       -14.0  18.0 0 1
J16142029-1906481 J16142029-1906481 142      4681.0 118.0 1 0
J16142893-1857224 J16142893-1857224 142        14.0  29.0 0 1
J16143367-1900133 J16143367-1900133 136.93    339.0  49.0 0 0
J16145918-2750230 J16145918-2750230 149.96    -53.0  33.0 0 0
J16145928-2459308 J16145928-2459308 159.24    110.0  29.0 0 0
J16151239-2420091 J16151239-2420091 146.03     -8.0  25.0 0 0
J16153456-2242421 J16153456-2242421 138.13    139.0  36.0 0 1
J16154416-1921171 J16154416-1921171 142     14147.0 138.0 0 0
J16163345-2521505 J16163345-2521505 159.45    164.0  30.0 0 0
J16181618-2619080 J16181618-2619080 142        82.0  29.0 0 1
J16181904-2028479 J16181904-2028479 139.67    177.0  31.0 0 0
J16215466-2043091 J16215466-2043091 108.79    -56.0  31.0 0 0
J16220961-1953005 J16220961-1953005 134.39     15.0  45.0 0 1
J16230783-2300596 J16230783-2300596 137.93     75.0  32.0 0 0
J16235385-2946401 J16235385-2946401 135.19    -24.0  28.0 0 0
J16270942-2148457 J16270942-2148457 137.97    109.0  32.0 0 0
J16303390-2428062 J16303390-2428062 146.61      6.0  31.0 0 0
J15555600-2045187 J15555600-2045187 146.03    275.0  25.0 0 0
J15560104-2338081 J15560104-2338081 122.82     14.9  15.0 0 0
J15591135-2338002 J15591135-2338002 136.39     16.9  17.0 0 0
J16024575-2304509 J16024575-2304509 142        15.6  15.7 0 0
J16060391-2056443 J16060391-2056443 140.50     16.2  16.3 0 0
J16100541-1919362 J16100541-1919362 141.86     13.5  13.6 0 0
J16193976-2145349 J16193976-2145349 142        12.2  12.3 0 0
